# service life
2 4 6 8 10 12 14 16 18 20 22 24 26 28 30 32 34 36 38 40 42 44 46 48 50 52 54 56 58 60 62 64 66 68 70 72 74 76 78 80 82 84 86 88 90 92 94 96 98 100 102 104 106 108 110 112 114 116 118 120 122 124 126 128 130 132 134 136 138 140 142 144 146 148 150 152 154 156 158 160 162 164 166 168 170 172 174 176 178 180 182 184 186 188 190 192 194 196 198 200
# chloride history (mean)
9.7604e-01 1.5321e+00 1.8643e+00 2.0930e+00 2.2636e+00 3.3499e+00 3.8310e+00 4.0327e+00 4.0722e+00 4.0901e+00 4.1054e+00 4.1189e+00 4.1310e+00 4.1418e+00 4.1516e+00 4.1605e+00 4.1686e+00 4.1762e+00 4.1831e+00 4.1896e+00 4.1956e+00 4.2013e+00 4.2066e+00 4.2115e+00 4.2162e+00 4.2207e+00 4.2249e+00 4.2289e+00 4.2327e+00 4.2363e+00 4.2398e+00 4.2431e+00 4.2463e+00 4.2493e+00 4.2522e+00 4.2550e+00 4.2577e+00 4.2603e+00 4.2628e+00 4.2652e+00 4.2675e+00 4.2698e+00 4.2720e+00 4.2741e+00 4.2761e+00 4.2781e+00 4.2800e+00 4.2819e+00 4.2837e+00 4.2855e+00 4.2872e+00 4.2888e+00 4.2904e+00 4.2920e+00 4.2936e+00 4.2951e+00 4.2965e+00 4.2979e+00 4.2993e+00 4.3007e+00 4.3020e+00 4.3033e+00 4.3046e+00 4.3058e+00 4.3071e+00 4.3082e+00 4.3094e+00 4.3105e+00 4.3117e+00 4.3128e+00 4.3138e+00 4.3149e+00 4.3159e+00 4.3169e+00 4.3179e+00 4.3189e+00 4.3198e+00 4.3208e+00 4.3217e+00 4.3226e+00 4.3235e+00 4.3244e+00 4.3252e+00 4.3261e+00 4.3269e+00 4.3277e+00 4.3285e+00 4.3293e+00 4.3301e+00 4.3309e+00 4.3316e+00 4.3324e+00 4.3331e+00 4.3338e+00 4.3346e+00 4.3353e+00 4.3360e+00 4.3366e+00 4.3373e+00 4.3380e+00
# chloride history (std)
5.3389e-01 6.6907e-01 7.5137e-01 8.1258e-01 8.6141e-01 1.2320e+00 1.4348e+00 1.5347e+00 1.5561e+00 1.5646e+00 1.5717e+00 1.5779e+00 1.5835e+00 1.5884e+00 1.5930e+00 1.5971e+00 1.6009e+00 1.6043e+00 1.6076e+00 1.6106e+00 1.6134e+00 1.6160e+00 1.6185e+00 1.6208e+00 1.6230e+00 1.6250e+00 1.6270e+00 1.6289e+00 1.6306e+00 1.6323e+00 1.6339e+00 1.6355e+00 1.6370e+00 1.6384e+00 1.6397e+00 1.6410e+00 1.6423e+00 1.6435e+00 1.6447e+00 1.6458e+00 1.6469e+00 1.6480e+00 1.6490e+00 1.6500e+00 1.6509e+00 1.6518e+00 1.6527e+00 1.6536e+00 1.6545e+00 1.6553e+00 1.6561e+00 1.6569e+00 1.6576e+00 1.6584e+00 1.6591e+00 1.6598e+00 1.6605e+00 1.6612e+00 1.6618e+00 1.6624e+00 1.6631e+00 1.6637e+00 1.6643e+00 1.6649e+00 1.6654e+00 1.6660e+00 1.6665e+00 1.6671e+00 1.6676e+00 1.6681e+00 1.6686e+00 1.6691e+00 1.6696e+00 1.6701e+00 1.6705e+00 1.6710e+00 1.6714e+00 1.6719e+00 1.6723e+00 1.6727e+00 1.6732e+00 1.6736e+00 1.6740e+00 1.6744e+00 1.6748e+00 1.6752e+00 1.6755e+00 1.6759e+00 1.6763e+00 1.6766e+00 1.6770e+00 1.6773e+00 1.6777e+00 1.6780e+00 1.6784e+00 1.6787e+00 1.6790e+00 1.6793e+00 1.6797e+00 1.6800e+00
# corrosion prob 1 history
4.6144e-01 8.2998e-01 9.7884e-01 9.9996e-01 1.0000e+00 1.0000e+00 1.0000e+00 1.0000e+00 1.0000e+00 1.0000e+00 1.0000e+00 1.0000e+00 1.0000e+00 1.0000e+00 1.0000e+00 1.0000e+00 1.0000e+00 1.0000e+00 1.0000e+00 1.0000e+00 1.0000e+00 1.0000e+00 1.0000e+00 1.0000e+00 1.0000e+00 1.0000e+00 1.0000e+00 1.0000e+00 1.0000e+00 1.0000e+00 1.0000e+00 1.0000e+00 1.0000e+00 1.0000e+00 1.0000e+00 1.0000e+00 1.0000e+00 1.0000e+00 1.0000e+00 1.0000e+00 1.0000e+00 1.0000e+00 1.0000e+00 1.0000e+00 1.0000e+00 1.0000e+00 1.0000e+00 1.0000e+00 1.0000e+00 1.0000e+00 1.0000e+00 1.0000e+00 1.0000e+00 1.0000e+00 1.0000e+00 1.0000e+00 1.0000e+00 1.0000e+00 1.0000e+00 1.0000e+00 1.0000e+00 1.0000e+00 1.0000e+00 1.0000e+00 1.0000e+00 1.0000e+00 1.0000e+00 1.0000e+00 1.0000e+00 1.0000e+00 1.0000e+00 1.0000e+00 1.0000e+00 1.0000e+00 1.0000e+00 1.0000e+00 1.0000e+00 1.0000e+00 1.0000e+00 1.0000e+00 1.0000e+00 1.0000e+00 1.0000e+00 1.0000e+00 1.0000e+00 1.0000e+00 1.0000e+00 1.0000e+00 1.0000e+00 1.0000e+00 1.0000e+00 1.0000e+00 1.0000e+00 1.0000e+00 1.0000e+00 1.0000e+00 1.0000e+00 1.0000e+00 1.0000e+00 1.0000e+00
# corrosion prob 2 history
0.0000e+00 0.0000e+00 4.3754e-104 1.5222e-44 5.7308e-27 1.5968e-03 4.3723e-03 8.1000e-03 1.1663e-02 1.7113e-02 2.1320e-02 3.0046e-02 3.7831e-02 4.7873e-02 6.2641e-02 7.4385e-02 9.0697e-02 1.1061e-01 1.2729e-01 1.5224e-01 1.6831e-01 1.9741e-01 2.2147e-01 2.3587e-01 2.5501e-01 2.7431e-01 2.9856e-01 3.2020e-01 3.3547e-01 3.5906e-01 3.7639e-01 3.9616e-01 4.2687e-01 4.4833e-01 4.6937e-01 4.8747e-01 5.0256e-01 5.2434e-01 5.4256e-01 5.6168e-01 5.7830e-01 5.8851e-01 6.0320e-01 6.1964e-01 6.3100e-01 6.4308e-01 6.6180e-01 6.7742e-01 6.8715e-01 6.9996e-01 7.0560e-01 7.1387e-01 7.2308e-01 7.3372e-01 7.4575e-01 7.5271e-01 7.5987e-01 7.7363e-01 7.7993e-01 7.8786e-01 7.9330e-01 7.9888e-01 8.0772e-01 8.1278e-01 8.1898e-01 8.2299e-01 8.3032e-01 8.3540e-01 8.4064e-01 8.4582e-01 8.5664e-01 8.6517e-01 8.7263e-01 8.7727e-01 8.8421e-01 8.8908e-01 8.9332e-01 8.9644e-01 9.0174e-01 9.0613e-01 9.1212e-01 9.1515e-01 9.1992e-01 9.2536e-01 9.3008e-01 9.3073e-01 9.3521e-01 9.3899e-01 9.4094e-01 9.4215e-01 9.4515e-01 9.4661e-01 9.4984e-01 9.5119e-01 9.5404e-01 9.5617e-01 9.6000e-01 9.6242e-01 9.6370e-01 9.6601e-01
# corrosion rate history (mean)
5.8366e-01 1.0819e+00 1.2467e+00 1.2363e+00 1.2077e+00 1.5762e+00 1.6744e+00 1.6749e+00 1.6301e+00 1.5876e+00 1.5512e+00 1.5196e+00 1.4918e+00 1.4671e+00 1.4449e+00 1.4248e+00 1.4064e+00 1.3896e+00 1.3741e+00 1.3597e+00 1.3463e+00 1.3338e+00 1.3222e+00 1.3112e+00 1.3008e+00 1.2911e+00 1.2818e+00 1.2730e+00 1.2647e+00 1.2568e+00 1.2492e+00 1.2419e+00 1.2350e+00 1.2284e+00 1.2220e+00 1.2159e+00 1.2100e+00 1.2043e+00 1.1988e+00 1.1936e+00 1.1885e+00 1.1836e+00 1.1788e+00 1.1742e+00 1.1697e+00 1.1654e+00 1.1612e+00 1.1571e+00 1.1531e+00 1.1493e+00 1.1455e+00 1.1419e+00 1.1383e+00 1.1348e+00 1.1315e+00 1.1282e+00 1.1249e+00 1.1218e+00 1.1187e+00 1.1158e+00 1.1128e+00 1.1100e+00 1.1072e+00 1.1044e+00 1.1017e+00 1.0991e+00 1.0965e+00 1.0940e+00 1.0916e+00 1.0891e+00 1.0868e+00 1.0844e+00 1.0821e+00 1.0799e+00 1.0777e+00 1.0755e+00 1.0734e+00 1.0713e+00 1.0693e+00 1.0673e+00 1.0653e+00 1.0633e+00 1.0614e+00 1.0595e+00 1.0577e+00 1.0558e+00 1.0540e+00 1.0523e+00 1.0505e+00 1.0488e+00 1.0471e+00 1.0455e+00 1.0438e+00 1.0422e+00 1.0406e+00 1.0390e+00 1.0375e+00 1.0360e+00 1.0344e+00 1.0330e+00
# corrosion rate history (std)
6.9687e-01 6.1849e-01 4.2702e-01 3.7971e-01 3.6742e-01 4.7827e-01 5.1757e-01 5.2325e-01 5.1027e-01 4.9755e-01 4.8666e-01 4.7720e-01 4.6886e-01 4.6142e-01 4.5473e-01 4.4866e-01 4.4312e-01 4.3803e-01 4.3333e-01 4.2898e-01 4.2492e-01 4.2113e-01 4.1757e-01 4.1423e-01 4.1107e-01 4.0809e-01 4.0527e-01 4.0258e-01 4.0003e-01 3.9760e-01 3.9528e-01 3.9306e-01 3.9093e-01 3.8890e-01 3.8694e-01 3.8506e-01 3.8325e-01 3.8150e-01 3.7982e-01 3.7820e-01 3.7663e-01 3.7511e-01 3.7364e-01 3.7222e-01 3.7084e-01 3.6951e-01 3.6821e-01 3.6695e-01 3.6572e-01 3.6453e-01 3.6337e-01 3.6224e-01 3.6114e-01 3.6007e-01 3.5903e-01 3.5801e-01 3.5701e-01 3.5604e-01 3.5509e-01 3.5416e-01 3.5326e-01 3.5237e-01 3.5150e-01 3.5065e-01 3.4982e-01 3.4901e-01 3.4821e-01 3.4743e-01 3.4666e-01 3.4591e-01 3.4517e-01 3.4445e-01 3.4374e-01 3.4304e-01 3.4236e-01 3.4169e-01 3.4103e-01 3.4038e-01 3.3974e-01 3.3912e-01 3.3850e-01 3.3789e-01 3.3730e-01 3.3671e-01 3.3613e-01 3.3557e-01 3.3501e-01 3.3446e-01 3.3391e-01 3.3338e-01 3.3285e-01 3.3233e-01 3.3182e-01 3.3132e-01 3.3082e-01 3.3033e-01 3.2985e-01 3.2937e-01 3.2890e-01 3.2844e-01
# residual diameter 1 history (mean)
1.5878e+01 1.5838e+01 1.5791e+01 1.5745e+01 1.5700e+01 1.5642e+01 1.5579e+01 1.5517e+01 1.5456e+01 1.5397e+01 1.5339e+01 1.5282e+01 1.5227e+01 1.5172e+01 1.5118e+01 1.5065e+01 1.5013e+01 1.4961e+01 1.4910e+01 1.4859e+01 1.4809e+01 1.4759e+01 1.4710e+01 1.4661e+01 1.4612e+01 1.4564e+01 1.4517e+01 1.4469e+01 1.4422e+01 1.4375e+01 1.4329e+01 1.4282e+01 1.4236e+01 1.4191e+01 1.4145e+01 1.4100e+01 1.4055e+01 1.4010e+01 1.3965e+01 1.3921e+01 1.3876e+01 1.3832e+01 1.3788e+01 1.3744e+01 1.3701e+01 1.3657e+01 1.3614e+01 1.3571e+01 1.3528e+01 1.3485e+01 1.3443e+01 1.3400e+01 1.3358e+01 1.3315e+01 1.3273e+01 1.3231e+01 1.3189e+01 1.3147e+01 1.3106e+01 1.3064e+01 1.3023e+01 1.2981e+01 1.2940e+01 1.2899e+01 1.2858e+01 1.2817e+01 1.2776e+01 1.2735e+01 1.2694e+01 1.2654e+01 1.2613e+01 1.2573e+01 1.2533e+01 1.2492e+01 1.2452e+01 1.2412e+01 1.2372e+01 1.2332e+01 1.2292e+01 1.2253e+01 1.2213e+01 1.2173e+01 1.2134e+01 1.2094e+01 1.2055e+01 1.2015e+01 1.1976e+01 1.1937e+01 1.1898e+01 1.1859e+01 1.1820e+01 1.1781e+01 1.1742e+01 1.1703e+01 1.1664e+01 1.1625e+01 1.1587e+01 1.1548e+01 1.1509e+01 1.1471e+01
# residual diameter 1 history (std)
2.5975e-02 4.2745e-02 5.3167e-02 6.3788e-02 7.5629e-02 9.0051e-02 1.0599e-01 1.2283e-01 1.3993e-01 1.5709e-01 1.7418e-01 1.9114e-01 2.0797e-01 2.2463e-01 2.4114e-01 2.5749e-01 2.7369e-01 2.8974e-01 3.0566e-01 3.2144e-01 3.3709e-01 3.5263e-01 3.6805e-01 3.8336e-01 3.9857e-01 4.1367e-01 4.2869e-01 4.4361e-01 4.5844e-01 4.7319e-01 4.8786e-01 5.0246e-01 5.1698e-01 5.3142e-01 5.4580e-01 5.6012e-01 5.7437e-01 5.8855e-01 6.0268e-01 6.1675e-01 6.3077e-01 6.4473e-01 6.5863e-01 6.7249e-01 6.8630e-01 7.0006e-01 7.1377e-01 7.2744e-01 7.4107e-01 7.5465e-01 7.6819e-01 7.8168e-01 7.9514e-01 8.0856e-01 8.2195e-01 8.3529e-01 8.4860e-01 8.6188e-01 8.7512e-01 8.8832e-01 9.0150e-01 9.1464e-01 9.2775e-01 9.4083e-01 9.5388e-01 9.6690e-01 9.7989e-01 9.9286e-01 1.0058e+00 1.0187e+00 1.0316e+00 1.0444e+00 1.0573e+00 1.0701e+00 1.0828e+00 1.0956e+00 1.1083e+00 1.1210e+00 1.1337e+00 1.1464e+00 1.1590e+00 1.1716e+00 1.1842e+00 1.1968e+00 1.2094e+00 1.2219e+00 1.2344e+00 1.2469e+00 1.2594e+00 1.2718e+00 1.2843e+00 1.2967e+00 1.3091e+00 1.3215e+00 1.3338e+00 1.3462e+00 1.3585e+00 1.3708e+00 1.3831e+00 1.3954e+00
# residual diameter 2 history (mean)
1.5900e+01 1.5900e+01 1.5900e+01 1.5900e+01 1.5900e+01 1.5900e+01 1.5900e+01 1.5900e+01 1.5899e+01 1.5899e+01 1.5898e+01 1.5898e+01 1.5897e+01 1.5895e+01 1.5894e+01 1.5892e+01 1.5890e+01 1.5887e+01 1.5884e+01 1.5880e+01 1.5876e+01 1.5871e+01 1.5866e+01 1.5861e+01 1.5855e+01 1.5849e+01 1.5842e+01 1.5835e+01 1.5827e+01 1.5819e+01 1.5811e+01 1.5802e+01 1.5793e+01 1.5783e+01 1.5773e+01 1.5762e+01 1.5751e+01 1.5740e+01 1.5728e+01 1.5716e+01 1.5703e+01 1.5691e+01 1.5678e+01 1.5665e+01 1.5651e+01 1.5638e+01 1.5624e+01 1.5609e+01 1.5595e+01 1.5580e+01 1.5565e+01 1.5550e+01 1.5535e+01 1.5520e+01 1.5504e+01 1.5488e+01 1.5473e+01 1.5456e+01 1.5440e+01 1.5424e+01 1.5407e+01 1.5391e+01 1.5374e+01 1.5357e+01 1.5340e+01 1.5323e+01 1.5306e+01 1.5288e+01 1.5271e+01 1.5253e+01 1.5235e+01 1.5217e+01 1.5199e+01 1.5180e+01 1.5162e+01 1.5143e+01 1.5125e+01 1.5106e+01 1.5087e+01 1.5068e+01 1.5049e+01 1.5030e+01 1.5011e+01 1.4992e+01 1.4972e+01 1.4953e+01 1.4933e+01 1.4914e+01 1.4894e+01 1.4874e+01 1.4855e+01 1.4835e+01 1.4815e+01 1.4795e+01 1.4775e+01 1.4755e+01 1.4735e+01 1.4715e+01 1.4695e+01 1.4675e+01
# residual diameter 2 history (std)
0.0000e+00 0.0000e+00 0.0000e+00 0.0000e+00 0.0000e+00 1.0156e-03 2.3514e-03 4.4827e-03 7.0768e-03 9.9854e-03 1.3127e-02 1.6562e-02 2.0344e-02 2.4596e-02 2.9340e-02 3.4527e-02 4.0130e-02 4.6172e-02 5.2626e-02 5.9414e-02 6.6585e-02 7.3968e-02 8.1650e-02 8.9637e-02 9.7774e-02 1.0608e-01 1.1446e-01 1.2298e-01 1.3169e-01 1.4045e-01 1.4934e-01 1.5827e-01 1.6704e-01 1.7584e-01 1.8468e-01 1.9358e-01 2.0250e-01 2.1133e-01 2.2020e-01 2.2897e-01 2.3771e-01 2.4657e-01 2.5538e-01 2.6407e-01 2.7279e-01 2.8152e-01 2.8993e-01 2.9821e-01 3.0655e-01 3.1477e-01 3.2318e-01 3.3161e-01 3.3999e-01 3.4825e-01 3.5637e-01 3.6455e-01 3.7269e-01 3.8053e-01 3.8839e-01 3.9621e-01 4.0408e-01 4.1197e-01 4.1964e-01 4.2736e-01 4.3504e-01 4.4277e-01 4.5030e-01 4.5784e-01 4.6534e-01 4.7273e-01 4.7971e-01 4.8651e-01 4.9320e-01 4.9991e-01 5.0653e-01 5.1312e-01 5.1974e-01 5.2642e-01 5.3297e-01 5.3953e-01 5.4590e-01 5.5231e-01 5.5858e-01 5.6478e-01 5.7080e-01 5.7702e-01 5.8310e-01 5.8912e-01 5.9519e-01 6.0136e-01 6.0746e-01 6.1362e-01 6.1974e-01 6.2592e-01 6.3193e-01 6.3791e-01 6.4369e-01 6.4944e-01 6.5523e-01 6.6100e-01
# radial pressure history (mean)
1.0000e+00 1.0188e+00 4.5007e+00 2.6367e+01 5.0709e+01 8.2830e+01 1.1700e+02 1.5109e+02 1.8412e+02 2.1613e+02 2.4726e+02 2.7763e+02 3.0732e+02 3.3640e+02 3.6492e+02 3.9294e+02 4.2049e+02 4.4760e+02 4.7432e+02 5.0065e+02 5.2664e+02 5.5228e+02 5.7762e+02 6.0265e+02 6.2740e+02 6.5187e+02 6.7608e+02 7.0005e+02 7.2377e+02 7.4727e+02 7.7054e+02 7.9360e+02 8.1645e+02 8.3910e+02 8.6155e+02 8.8382e+02 9.0590e+02 9.2781e+02 9.4954e+02 9.7110e+02 9.9250e+02 1.0137e+03 1.0348e+03 1.0558e+03 1.0765e+03 1.0972e+03 1.1177e+03 1.1380e+03 1.1582e+03 1.1783e+03 1.1982e+03 1.2180e+03 1.2377e+03 1.2573e+03 1.2767e+03 1.2960e+03 1.3152e+03 1.3343e+03 1.3533e+03 1.3721e+03 1.3908e+03 1.4095e+03 1.4280e+03 1.4464e+03 1.4647e+03 1.4829e+03 1.5010e+03 1.5189e+03 1.5368e+03 1.5546e+03 1.5723e+03 1.5899e+03 1.6074e+03 1.6248e+03 1.6421e+03 1.6593e+03 1.6764e+03 1.6934e+03 1.7103e+03 1.7272e+03 1.7439e+03 1.7606e+03 1.7771e+03 1.7936e+03 1.8100e+03 1.8264e+03 1.8426e+03 1.8587e+03 1.8748e+03 1.8908e+03 1.9067e+03 1.9225e+03 1.9382e+03 1.9539e+03 1.9695e+03 1.9850e+03 2.0004e+03 2.0157e+03 2.0310e+03 2.0462e+03
# radial pressure history (std)
nan 2.1014e-01 4.3412e+00 1.1042e+01 1.8966e+01 3.2019e+01 4.7006e+01 6.2346e+01 7.7277e+01 9.1734e+01 1.0577e+02 1.1943e+02 1.3276e+02 1.4578e+02 1.5854e+02 1.7105e+02 1.8334e+02 1.9541e+02 2.0729e+02 2.1899e+02 2.3052e+02 2.4188e+02 2.5309e+02 2.6416e+02 2.7509e+02 2.8588e+02 2.9656e+02 3.0711e+02 3.1754e+02 3.2787e+02 3.3808e+02 3.4820e+02 3.5821e+02 3.6812e+02 3.7795e+02 3.8768e+02 3.9732e+02 4.0688e+02 4.1635e+02 4.2574e+02 4.3505e+02 4.4428e+02 4.5344e+02 4.6252e+02 4.7153e+02 4.8047e+02 4.8934e+02 4.9814e+02 5.0687e+02 5.1554e+02 5.2414e+02 5.3268e+02 5.4116e+02 5.4958e+02 5.5793e+02 5.6623e+02 5.7447e+02 5.8265e+02 5.9077e+02 5.9884e+02 6.0686e+02 6.1482e+02 6.2273e+02 6.3058e+02 6.3838e+02 6.4614e+02 6.5384e+02 6.6149e+02 6.6909e+02 6.7664e+02 6.8415e+02 6.9161e+02 6.9902e+02 7.0638e+02 7.1370e+02 7.2097e+02 7.2820e+02 7.3538e+02 7.4252e+02 7.4962e+02 7.5667e+02 7.6368e+02 7.7065e+02 7.7758e+02 7.8446e+02 7.9130e+02 7.9811e+02 8.0487e+02 8.1159e+02 8.1828e+02 8.2492e+02 8.3153e+02 8.3809e+02 8.4462e+02 8.5111e+02 8.5756e+02 8.6398e+02 8.7036e+02 8.7670e+02 8.8301e+02
# crack prob history
3.7057e-212 2.0233e-51 3.9538e-08 9.9928e-01 1.0000e+00 1.0000e+00 1.0000e+00 1.0000e+00 1.0000e+00 1.0000e+00 1.0000e+00 1.0000e+00 1.0000e+00 1.0000e+00 1.0000e+00 1.0000e+00 1.0000e+00 1.0000e+00 1.0000e+00 1.0000e+00 1.0000e+00 1.0000e+00 1.0000e+00 1.0000e+00 1.0000e+00 1.0000e+00 1.0000e+00 1.0000e+00 1.0000e+00 1.0000e+00 1.0000e+00 1.0000e+00 1.0000e+00 1.0000e+00 1.0000e+00 1.0000e+00 1.0000e+00 1.0000e+00 1.0000e+00 1.0000e+00 1.0000e+00 1.0000e+00 1.0000e+00 1.0000e+00 1.0000e+00 1.0000e+00 1.0000e+00 1.0000e+00 1.0000e+00 1.0000e+00 1.0000e+00 1.0000e+00 1.0000e+00 1.0000e+00 1.0000e+00 1.0000e+00 1.0000e+00 1.0000e+00 1.0000e+00 1.0000e+00 1.0000e+00 1.0000e+00 1.0000e+00 1.0000e+00 1.0000e+00 1.0000e+00 1.0000e+00 1.0000e+00 1.0000e+00 1.0000e+00 1.0000e+00 1.0000e+00 1.0000e+00 1.0000e+00 1.0000e+00 1.0000e+00 1.0000e+00 1.0000e+00 1.0000e+00 1.0000e+00 1.0000e+00 1.0000e+00 1.0000e+00 1.0000e+00 1.0000e+00 1.0000e+00 1.0000e+00 1.0000e+00 1.0000e+00 1.0000e+00 1.0000e+00 1.0000e+00 1.0000e+00 1.0000e+00 1.0000e+00 1.0000e+00 1.0000e+00 1.0000e+00 1.0000e+00 1.0000e+00
# ds at crack history (mean)
5.8827e-211 3.2083e-50 6.2665e-07 1.5734e+01 1.5745e+01 1.5745e+01 1.5745e+01 1.5745e+01 1.5745e+01 1.5745e+01 1.5745e+01 1.5745e+01 1.5745e+01 1.5745e+01 1.5745e+01 1.5745e+01 1.5745e+01 1.5745e+01 1.5745e+01 1.5745e+01 1.5745e+01 1.5745e+01 1.5745e+01 1.5745e+01 1.5745e+01 1.5745e+01 1.5745e+01 1.5745e+01 1.5745e+01 1.5745e+01 1.5745e+01 1.5745e+01 1.5745e+01 1.5745e+01 1.5745e+01 1.5745e+01 1.5745e+01 1.5745e+01 1.5745e+01 1.5745e+01 1.5745e+01 1.5745e+01 1.5745e+01 1.5745e+01 1.5745e+01 1.5745e+01 1.5745e+01 1.5745e+01 1.5745e+01 1.5745e+01 1.5745e+01 1.5745e+01 1.5745e+01 1.5745e+01 1.5745e+01 1.5745e+01 1.5745e+01 1.5745e+01 1.5745e+01 1.5745e+01 1.5745e+01 1.5745e+01 1.5745e+01 1.5745e+01 1.5745e+01 1.5745e+01 1.5745e+01 1.5745e+01 1.5745e+01 1.5745e+01 1.5745e+01 1.5745e+01 1.5745e+01 1.5745e+01 1.5745e+01 1.5745e+01 1.5745e+01 1.5745e+01 1.5745e+01 1.5745e+01 1.5745e+01 1.5745e+01 1.5745e+01 1.5745e+01 1.5745e+01 1.5745e+01 1.5745e+01 1.5745e+01 1.5745e+01 1.5745e+01 1.5745e+01 1.5745e+01 1.5745e+01 1.5745e+01 1.5745e+01 1.5745e+01 1.5745e+01 1.5745e+01 1.5745e+01 1.5745e+01
# ds at crack history (std)
3.0571e-105 7.1354e-25 3.1528e-03 4.2603e-01 6.3865e-02 6.3789e-02 6.3789e-02 6.3789e-02 6.3789e-02 6.3789e-02 6.3789e-02 6.3789e-02 6.3789e-02 6.3789e-02 6.3789e-02 6.3789e-02 6.3789e-02 6.3789e-02 6.3789e-02 6.3789e-02 6.3789e-02 6.3789e-02 6.3789e-02 6.3789e-02 6.3789e-02 6.3789e-02 6.3789e-02 6.3789e-02 6.3789e-02 6.3789e-02 6.3789e-02 6.3789e-02 6.3789e-02 6.3789e-02 6.3789e-02 6.3789e-02 6.3789e-02 6.3789e-02 6.3789e-02 6.3789e-02 6.3789e-02 6.3789e-02 6.3789e-02 6.3789e-02 6.3789e-02 6.3789e-02 6.3789e-02 6.3789e-02 6.3789e-02 6.3789e-02 6.3789e-02 6.3789e-02 6.3789e-02 6.3789e-02 6.3789e-02 6.3789e-02 6.3789e-02 6.3789e-02 6.3789e-02 6.3789e-02 6.3789e-02 6.3789e-02 6.3789e-02 6.3789e-02 6.3789e-02 6.3789e-02 6.3789e-02 6.3789e-02 6.3789e-02 6.3789e-02 6.3789e-02 6.3789e-02 6.3789e-02 6.3789e-02 6.3789e-02 6.3789e-02 6.3789e-02 6.3789e-02 6.3789e-02 6.3789e-02 6.3789e-02 6.3789e-02 6.3789e-02 6.3789e-02 6.3789e-02 6.3789e-02 6.3789e-02 6.3789e-02 6.3789e-02 6.3789e-02 6.3789e-02 6.3789e-02 6.3789e-02 6.3789e-02 6.3789e-02 6.3789e-02 6.3789e-02 6.3789e-02 6.3789e-02 6.3789e-02
# crack width history (mean)
0.0000e+00 4.3983e-213 2.2451e-52 5.2369e-09 2.4308e-01 5.5803e-01 8.9062e-01 1.2217e+00 1.5426e+00 1.8538e+00 2.1568e+00 2.4524e+00 2.7415e+00 3.0248e+00 3.3027e+00 3.5758e+00 3.8445e+00 4.1089e+00 4.3695e+00 4.6265e+00 4.8801e+00 5.1304e+00 5.3778e+00 5.6222e+00 5.8639e+00 6.1030e+00 6.3396e+00 6.5738e+00 6.8057e+00 7.0353e+00 7.2629e+00 7.4883e+00 7.7118e+00 7.9334e+00 8.1531e+00 8.3709e+00 8.5871e+00 8.8015e+00 9.0143e+00 9.2254e+00 9.4350e+00 9.6430e+00 9.8495e+00 1.0055e+01 1.0258e+01 1.0460e+01 1.0661e+01 1.0861e+01 1.1059e+01 1.1256e+01 1.1451e+01 1.1646e+01 1.1839e+01 1.2031e+01 1.2222e+01 1.2411e+01 1.2600e+01 1.2787e+01 1.2973e+01 1.3158e+01 1.3342e+01 1.3525e+01 1.3707e+01 1.3888e+01 1.4068e+01 1.4247e+01 1.4425e+01 1.4602e+01 1.4778e+01 1.4953e+01 1.5127e+01 1.5300e+01 1.5472e+01 1.5643e+01 1.5814e+01 1.5983e+01 1.6152e+01 1.6320e+01 1.6487e+01 1.6653e+01 1.6818e+01 1.6982e+01 1.7145e+01 1.7308e+01 1.7470e+01 1.7631e+01 1.7791e+01 1.7951e+01 1.8109e+01 1.8267e+01 1.8424e+01 1.8580e+01 1.8736e+01 1.8891e+01 1.9045e+01 1.9198e+01 1.9351e+01 1.9502e+01 1.9653e+01 1.9804e+01
# crack width history (std)
0.0000e+00 2.2857e-107 4.9933e-27 2.6369e-05 2.7773e-02 3.8783e-02 4.0621e-02 3.9790e-02 4.0243e-02 4.2848e-02 4.7115e-02 5.2559e-02 5.8808e-02 6.5600e-02 7.2765e-02 8.0186e-02 8.7789e-02 9.5522e-02 1.0335e-01 1.1125e-01 1.1921e-01 1.2722e-01 1.3526e-01 1.4334e-01 1.5145e-01 1.5960e-01 1.6777e-01 1.7597e-01 1.8421e-01 1.9248e-01 2.0079e-01 2.0913e-01 2.1752e-01 2.2595e-01 2.3443e-01 2.4295e-01 2.5153e-01 2.6016e-01 2.6885e-01 2.7760e-01 2.8642e-01 2.9530e-01 3.0424e-01 3.1326e-01 3.2235e-01 3.3152e-01 3.4077e-01 3.5010e-01 3.5951e-01 3.6900e-01 3.7859e-01 3.8826e-01 3.9802e-01 4.0788e-01 4.1784e-01 4.2789e-01 4.3804e-01 4.4829e-01 4.5864e-01 4.6910e-01 4.7967e-01 4.9034e-01 5.0112e-01 5.1200e-01 5.2300e-01 5.3412e-01 5.4534e-01 5.5669e-01 5.6814e-01 5.7972e-01 5.9141e-01 6.0322e-01 6.1515e-01 6.2720e-01 6.3938e-01 6.5167e-01 6.6409e-01 6.7663e-01 6.8930e-01 7.0209e-01 7.1501e-01 7.2806e-01 7.4123e-01 7.5453e-01 7.6796e-01 7.8151e-01 7.9520e-01 8.0901e-01 8.2296e-01 8.3703e-01 8.5124e-01 8.6557e-01 8.8004e-01 8.9464e-01 9.0937e-01 9.2423e-01 9.3923e-01 9.5435e-01 9.6961e-01 9.8501e-01
# cracked concrete diffusion history (fw, mean)
1.0000e+00 1.0000e+00 1.0000e+00 1.0000e+00 3.9746e+00 1.0705e+01 1.8824e+01 1.9989e+01 2.0000e+01 2.0000e+01 2.0000e+01 2.0000e+01 2.0000e+01 2.0000e+01 2.0000e+01 2.0000e+01 2.0000e+01 2.0000e+01 2.0000e+01 2.0000e+01 2.0000e+01 2.0000e+01 2.0000e+01 2.0000e+01 2.0000e+01 2.0000e+01 2.0000e+01 2.0000e+01 2.0000e+01 2.0000e+01 2.0000e+01 2.0000e+01 2.0000e+01 2.0000e+01 2.0000e+01 2.0000e+01 2.0000e+01 2.0000e+01 2.0000e+01 2.0000e+01 2.0000e+01 2.0000e+01 2.0000e+01 2.0000e+01 2.0000e+01 2.0000e+01 2.0000e+01 2.0000e+01 2.0000e+01 2.0000e+01 2.0000e+01 2.0000e+01 2.0000e+01 2.0000e+01 2.0000e+01 2.0000e+01 2.0000e+01 2.0000e+01 2.0000e+01 2.0000e+01 2.0000e+01 2.0000e+01 2.0000e+01 2.0000e+01 2.0000e+01 2.0000e+01 2.0000e+01 2.0000e+01 2.0000e+01 2.0000e+01 2.0000e+01 2.0000e+01 2.0000e+01 2.0000e+01 2.0000e+01 2.0000e+01 2.0000e+01 2.0000e+01 2.0000e+01 2.0000e+01 2.0000e+01 2.0000e+01 2.0000e+01 2.0000e+01 2.0000e+01 2.0000e+01 2.0000e+01 2.0000e+01 2.0000e+01 2.0000e+01 2.0000e+01 2.0000e+01 2.0000e+01 2.0000e+01 2.0000e+01 2.0000e+01 2.0000e+01 2.0000e+01 2.0000e+01 2.0000e+01
# cracked concrete diffusion history (fw, std)
nan nan nan 3.1972e-04 7.3264e-01 2.2756e+00 1.8724e+00 1.3674e-01 1.0924e-03 nan nan nan nan nan nan nan nan nan nan nan nan nan nan nan nan nan nan nan nan nan nan nan nan nan nan nan nan nan nan nan nan nan nan nan nan nan nan nan nan nan nan nan nan nan nan nan nan nan nan nan nan nan nan nan nan nan nan nan nan nan nan nan nan nan nan nan nan nan nan nan nan nan nan nan nan nan nan nan nan nan nan nan nan nan nan nan nan nan nan nan
# flexural resistance history (mean, kNm)
4.7008e+01 4.6781e+01 4.6520e+01 4.6262e+01 4.6010e+01 4.5683e+01 4.5336e+01 4.4990e+01 4.4655e+01 4.4330e+01 4.4013e+01 4.3704e+01 4.3401e+01 4.3105e+01 4.2814e+01 4.2527e+01 4.2246e+01 4.1968e+01 4.1695e+01 4.1425e+01 4.1159e+01 4.0896e+01 4.0637e+01 4.0380e+01 4.0126e+01 3.9874e+01 3.9626e+01 3.9379e+01 3.9135e+01 3.8894e+01 3.8654e+01 3.8417e+01 3.8182e+01 3.7948e+01 3.7717e+01 3.7487e+01 3.7259e+01 3.7033e+01 3.6809e+01 3.6587e+01 3.6366e+01 3.6146e+01 3.5928e+01 3.5712e+01 3.5497e+01 3.5284e+01 3.5072e+01 3.4861e+01 3.4652e+01 3.4444e+01 3.4238e+01 3.4032e+01 3.3828e+01 3.3626e+01 3.3424e+01 3.3224e+01 3.3025e+01 3.2827e+01 3.2630e+01 3.2435e+01 3.2240e+01 3.2047e+01 3.1855e+01 3.1663e+01 3.1473e+01 3.1284e+01 3.1096e+01 3.0909e+01 3.0723e+01 3.0538e+01 3.0354e+01 3.0171e+01 2.9990e+01 2.9809e+01 2.9628e+01 2.9449e+01 2.9271e+01 2.9094e+01 2.8918e+01 2.8742e+01 2.8568e+01 2.8394e+01 2.8221e+01 2.8050e+01 2.7879e+01 2.7709e+01 2.7539e+01 2.7371e+01 2.7203e+01 2.7037e+01 2.6871e+01 2.6706e+01 2.6542e+01 2.6378e+01 2.6216e+01 2.6054e+01 2.5893e+01 2.5733e+01 2.5574e+01 2.5415e+01
# flexural resistance history (std, kNm)
6.0828e+00 6.0548e+00 6.0222e+00 5.9918e+00 5.9631e+00 5.9263e+00 5.8888e+00 5.8532e+00 5.8206e+00 5.7909e+00 5.7637e+00 5.7388e+00 5.7161e+00 5.6954e+00 5.6766e+00 5.6596e+00 5.6442e+00 5.6305e+00 5.6182e+00 5.6074e+00 5.5979e+00 5.5898e+00 5.5829e+00 5.5772e+00 5.5726e+00 5.5692e+00 5.5668e+00 5.5654e+00 5.5650e+00 5.5656e+00 5.5670e+00 5.5693e+00 5.5724e+00 5.5763e+00 5.5809e+00 5.5863e+00 5.5924e+00 5.5991e+00 5.6065e+00 5.6145e+00 5.6230e+00 5.6321e+00 5.6418e+00 5.6519e+00 5.6626e+00 5.6737e+00 5.6852e+00 5.6972e+00 5.7095e+00 5.7223e+00 5.7354e+00 5.7488e+00 5.7625e+00 5.7765e+00 5.7908e+00 5.8054e+00 5.8202e+00 5.8353e+00 5.8506e+00 5.8660e+00 5.8817e+00 5.8975e+00 5.9135e+00 5.9296e+00 5.9459e+00 5.9622e+00 5.9787e+00 5.9953e+00 6.0119e+00 6.0286e+00 6.0454e+00 6.0622e+00 6.0791e+00 6.0960e+00 6.1129e+00 6.1298e+00 6.1467e+00 6.1636e+00 6.1805e+00 6.1973e+00 6.2141e+00 6.2309e+00 6.2477e+00 6.2643e+00 6.2809e+00 6.2975e+00 6.3139e+00 6.3303e+00 6.3466e+00 6.3628e+00 6.3788e+00 6.3948e+00 6.4107e+00 6.4264e+00 6.4420e+00 6.4575e+00 6.4728e+00 6.4881e+00 6.5031e+00 6.5180e+00
# shear resistance history (mean, kN)
2.8202e+03 2.8133e+03 2.8052e+03 2.7970e+03 2.7888e+03 2.7779e+03 2.7659e+03 2.7536e+03 2.7413e+03 2.7292e+03 2.7170e+03 2.7049e+03 2.6930e+03 2.6811e+03 2.6692e+03 2.6573e+03 2.6454e+03 2.6336e+03 2.6217e+03 2.6098e+03 2.5981e+03 2.5863e+03 2.5746e+03 2.5630e+03 2.5514e+03 2.5398e+03 2.5283e+03 2.5169e+03 2.5055e+03 2.4942e+03 2.4829e+03 2.4716e+03 2.4604e+03 2.4493e+03 2.4382e+03 2.4271e+03 2.4161e+03 2.4052e+03 2.3943e+03 2.3835e+03 2.3727e+03 2.3620e+03 2.3514e+03 2.3408e+03 2.3303e+03 2.3198e+03 2.3095e+03 2.2991e+03 2.2889e+03 2.2787e+03 2.2685e+03 2.2584e+03 2.2484e+03 2.2385e+03 2.2285e+03 2.2187e+03 2.2089e+03 2.1991e+03 2.1894e+03 2.1797e+03 2.1701e+03 2.1605e+03 2.1510e+03 2.1416e+03 2.1322e+03 2.1228e+03 2.1136e+03 2.1043e+03 2.0951e+03 2.0860e+03 2.0769e+03 2.0679e+03 2.0589e+03 2.0500e+03 2.0411e+03 2.0323e+03 2.0235e+03 2.0148e+03 2.0061e+03 1.9974e+03 1.9889e+03 1.9803e+03 1.9718e+03 1.9634e+03 1.9549e+03 1.9466e+03 1.9382e+03 1.9300e+03 1.9217e+03 1.9135e+03 1.9054e+03 1.8973e+03 1.8892e+03 1.8812e+03 1.8732e+03 1.8653e+03 1.8574e+03 1.8495e+03 1.8417e+03 1.8340e+03
# shear resistance history (std, kN)
4.0199e+02 4.0162e+02 4.0136e+02 4.0115e+02 4.0093e+02 4.0068e+02 4.0041e+02 4.0024e+02 4.0007e+02 3.9991e+02 3.9972e+02 3.9957e+02 3.9944e+02 3.9933e+02 3.9921e+02 3.9903e+02 3.9882e+02 3.9854e+02 3.9821e+02 3.9780e+02 3.9741e+02 3.9706e+02 3.9670e+02 3.9636e+02 3.9608e+02 3.9582e+02 3.9557e+02 3.9528e+02 3.9500e+02 3.9471e+02 3.9438e+02 3.9405e+02 3.9370e+02 3.9337e+02 3.9304e+02 3.9274e+02 3.9247e+02 3.9218e+02 3.9192e+02 3.9167e+02 3.9144e+02 3.9123e+02 3.9103e+02 3.9083e+02 3.9065e+02 3.9050e+02 3.9037e+02 3.9026e+02 3.9016e+02 3.9008e+02 3.9002e+02 3.8998e+02 3.8993e+02 3.8988e+02 3.8983e+02 3.8979e+02 3.8973e+02 3.8967e+02 3.8964e+02 3.8960e+02 3.8956e+02 3.8952e+02 3.8950e+02 3.8949e+02 3.8949e+02 3.8950e+02 3.8952e+02 3.8955e+02 3.8959e+02 3.8964e+02 3.8969e+02 3.8975e+02 3.8981e+02 3.8988e+02 3.8995e+02 3.9004e+02 3.9013e+02 3.9022e+02 3.9032e+02 3.9043e+02 3.9054e+02 3.9065e+02 3.9076e+02 3.9087e+02 3.9097e+02 3.9107e+02 3.9117e+02 3.9127e+02 3.9138e+02 3.9148e+02 3.9158e+02 3.9168e+02 3.9178e+02 3.9188e+02 3.9198e+02 3.9208e+02 3.9218e+02 3.9227e+02 3.9237e+02 3.9247e+02
