# service life
2 4 6 8 10 12 14 16 18 20 22 24 26 28 30 32 34 36 38 40 42 44 46 48 50 52 54 56 58 60 62 64 66 68 70 72 74 76 78 80 82 84 86 88 90 92 94 96 98 100 102 104 106 108 110 112 114 116 118 120 122 124 126 128 130 132 134 136 138 140 142 144 146 148 150 152 154 156 158 160 162 164 166 168 170 172 174 176 178 180 182 184 186 188 190 192 194 196 198 200
# chloride history (mean)
3.3444e-01 7.5250e-01 1.0655e+00 1.3048e+00 1.4947e+00 1.6508e+00 2.5696e+00 3.2130e+00 3.6004e+00 3.8339e+00 3.9508e+00 3.9864e+00 4.0049e+00 4.0208e+00 4.0352e+00 4.0483e+00 4.0603e+00 4.0714e+00 4.0816e+00 4.0911e+00 4.1000e+00 4.1083e+00 4.1161e+00 4.1234e+00 4.1303e+00 4.1369e+00 4.1431e+00 4.1490e+00 4.1546e+00 4.1599e+00 4.1650e+00 4.1699e+00 4.1746e+00 4.1790e+00 4.1833e+00 4.1875e+00 4.1914e+00 4.1953e+00 4.1989e+00 4.2025e+00 4.2059e+00 4.2092e+00 4.2125e+00 4.2156e+00 4.2186e+00 4.2215e+00 4.2243e+00 4.2271e+00 4.2297e+00 4.2323e+00 4.2348e+00 4.2373e+00 4.2397e+00 4.2420e+00 4.2443e+00 4.2465e+00 4.2487e+00 4.2508e+00 4.2528e+00 4.2548e+00 4.2568e+00 4.2587e+00 4.2606e+00 4.2624e+00 4.2642e+00 4.2659e+00 4.2677e+00 4.2693e+00 4.2710e+00 4.2726e+00 4.2742e+00 4.2757e+00 4.2773e+00 4.2787e+00 4.2802e+00 4.2817e+00 4.2831e+00 4.2844e+00 4.2858e+00 4.2871e+00 4.2885e+00 4.2898e+00 4.2910e+00 4.2923e+00 4.2935e+00 4.2947e+00 4.2959e+00 4.2971e+00 4.2982e+00 4.2994e+00 4.3005e+00 4.3016e+00 4.3027e+00 4.3037e+00 4.3048e+00 4.3058e+00 4.3068e+00 4.3078e+00 4.3088e+00 4.3098e+00
# chloride history (std)
2.2617e-01 3.3108e-01 3.9169e-01 4.3878e-01 4.7910e-01 5.1557e-01 7.7649e-01 9.9790e-01 1.1537e+00 1.2552e+00 1.3096e+00 1.3273e+00 1.3358e+00 1.3427e+00 1.3488e+00 1.3544e+00 1.3595e+00 1.3642e+00 1.3686e+00 1.3727e+00 1.3765e+00 1.3800e+00 1.3834e+00 1.3865e+00 1.3895e+00 1.3923e+00 1.3949e+00 1.3975e+00 1.3999e+00 1.4022e+00 1.4043e+00 1.4064e+00 1.4084e+00 1.4104e+00 1.4122e+00 1.4140e+00 1.4157e+00 1.4173e+00 1.4189e+00 1.4205e+00 1.4219e+00 1.4234e+00 1.4248e+00 1.4261e+00 1.4274e+00 1.4287e+00 1.4299e+00 1.4311e+00 1.4322e+00 1.4333e+00 1.4344e+00 1.4355e+00 1.4365e+00 1.4375e+00 1.4385e+00 1.4394e+00 1.4404e+00 1.4413e+00 1.4422e+00 1.4430e+00 1.4439e+00 1.4447e+00 1.4455e+00 1.4463e+00 1.4471e+00 1.4479e+00 1.4486e+00 1.4493e+00 1.4500e+00 1.4507e+00 1.4514e+00 1.4521e+00 1.4527e+00 1.4534e+00 1.4540e+00 1.4546e+00 1.4553e+00 1.4559e+00 1.4564e+00 1.4570e+00 1.4576e+00 1.4582e+00 1.4587e+00 1.4592e+00 1.4598e+00 1.4603e+00 1.4608e+00 1.4613e+00 1.4618e+00 1.4623e+00 1.4628e+00 1.4633e+00 1.4637e+00 1.4642e+00 1.4647e+00 1.4651e+00 1.4656e+00 1.4660e+00 1.4664e+00 1.4668e+00
# corrosion prob 1 history
4.3309e-02 3.1265e-01 7.1505e-01 9.6741e-01 9.9987e-01 1.0000e+00 1.0000e+00 1.0000e+00 1.0000e+00 1.0000e+00 1.0000e+00 1.0000e+00 1.0000e+00 1.0000e+00 1.0000e+00 1.0000e+00 1.0000e+00 1.0000e+00 1.0000e+00 1.0000e+00 1.0000e+00 1.0000e+00 1.0000e+00 1.0000e+00 1.0000e+00 1.0000e+00 1.0000e+00 1.0000e+00 1.0000e+00 1.0000e+00 1.0000e+00 1.0000e+00 1.0000e+00 1.0000e+00 1.0000e+00 1.0000e+00 1.0000e+00 1.0000e+00 1.0000e+00 1.0000e+00 1.0000e+00 1.0000e+00 1.0000e+00 1.0000e+00 1.0000e+00 1.0000e+00 1.0000e+00 1.0000e+00 1.0000e+00 1.0000e+00 1.0000e+00 1.0000e+00 1.0000e+00 1.0000e+00 1.0000e+00 1.0000e+00 1.0000e+00 1.0000e+00 1.0000e+00 1.0000e+00 1.0000e+00 1.0000e+00 1.0000e+00 1.0000e+00 1.0000e+00 1.0000e+00 1.0000e+00 1.0000e+00 1.0000e+00 1.0000e+00 1.0000e+00 1.0000e+00 1.0000e+00 1.0000e+00 1.0000e+00 1.0000e+00 1.0000e+00 1.0000e+00 1.0000e+00 1.0000e+00 1.0000e+00 1.0000e+00 1.0000e+00 1.0000e+00 1.0000e+00 1.0000e+00 1.0000e+00 1.0000e+00 1.0000e+00 1.0000e+00 1.0000e+00 1.0000e+00 1.0000e+00 1.0000e+00 1.0000e+00 1.0000e+00 1.0000e+00 1.0000e+00 1.0000e+00 1.0000e+00
# corrosion prob 2 history
0.0000e+00 0.0000e+00 0.0000e+00 6.1292e-93 6.1292e-93 9.4697e-28 2.1583e-08 6.3755e-04 1.9843e-03 4.0077e-03 5.7842e-03 9.1561e-03 1.3059e-02 1.8336e-02 2.9267e-02 3.8336e-02 5.0288e-02 6.2115e-02 7.4813e-02 8.9281e-02 1.0446e-01 1.2718e-01 1.5684e-01 1.8906e-01 2.0944e-01 2.3756e-01 2.6468e-01 3.0025e-01 3.2697e-01 3.5878e-01 3.8885e-01 4.1576e-01 4.5018e-01 4.8434e-01 5.1215e-01 5.3959e-01 5.7552e-01 6.0177e-01 6.2793e-01 6.5822e-01 6.7593e-01 7.0566e-01 7.3067e-01 7.4998e-01 7.6306e-01 7.8297e-01 8.0058e-01 8.1000e-01 8.2310e-01 8.3912e-01 8.4890e-01 8.6252e-01 8.6887e-01 8.7736e-01 8.8643e-01 8.9267e-01 9.0515e-01 9.1541e-01 9.2106e-01 9.2828e-01 9.3451e-01 9.4030e-01 9.4424e-01 9.4817e-01 9.5371e-01 9.5825e-01 9.5931e-01 9.6198e-01 9.6601e-01 9.6847e-01 9.7047e-01 9.7339e-01 9.7612e-01 9.7807e-01 9.8039e-01 9.8108e-01 9.8250e-01 9.8338e-01 9.8565e-01 9.8656e-01 9.8700e-01 9.8782e-01 9.8994e-01 9.9002e-01 9.9106e-01 9.9151e-01 9.9153e-01 9.9219e-01 9.9287e-01 9.9311e-01 9.9326e-01 9.9331e-01 9.9434e-01 9.9502e-01 9.9545e-01 9.9555e-01 9.9558e-01 9.9627e-01 9.9632e-01 9.9640e-01
# corrosion rate history (mean)
3.1997e-02 2.5288e-01 6.0179e-01 8.0616e-01 8.0711e-01 7.9446e-01 1.0784e+00 1.2327e+00 1.2974e+00 1.3177e+00 1.3092e+00 1.2835e+00 1.2577e+00 1.2350e+00 1.2148e+00 1.1968e+00 1.1804e+00 1.1656e+00 1.1520e+00 1.1395e+00 1.1279e+00 1.1171e+00 1.1071e+00 1.0977e+00 1.0889e+00 1.0806e+00 1.0727e+00 1.0653e+00 1.0583e+00 1.0516e+00 1.0452e+00 1.0391e+00 1.0333e+00 1.0277e+00 1.0224e+00 1.0173e+00 1.0124e+00 1.0077e+00 1.0031e+00 9.9875e-01 9.9452e-01 9.9044e-01 9.8649e-01 9.8267e-01 9.7897e-01 9.7539e-01 9.7191e-01 9.6854e-01 9.6526e-01 9.6208e-01 9.5899e-01 9.5598e-01 9.5304e-01 9.5019e-01 9.4741e-01 9.4470e-01 9.4205e-01 9.3947e-01 9.3695e-01 9.3449e-01 9.3208e-01 9.2973e-01 9.2744e-01 9.2519e-01 9.2299e-01 9.2083e-01 9.1872e-01 9.1665e-01 9.1463e-01 9.1264e-01 9.1070e-01 9.0879e-01 9.0691e-01 9.0508e-01 9.0327e-01 9.0150e-01 8.9976e-01 8.9805e-01 8.9637e-01 8.9472e-01 8.9310e-01 8.9150e-01 8.8993e-01 8.8839e-01 8.8687e-01 8.8538e-01 8.8390e-01 8.8246e-01 8.8103e-01 8.7963e-01 8.7824e-01 8.7688e-01 8.7554e-01 8.7421e-01 8.7291e-01 8.7162e-01 8.7036e-01 8.6911e-01 8.6787e-01 8.6666e-01
# corrosion rate history (std)
1.5773e-01 4.0062e-01 4.3778e-01 2.8612e-01 2.3659e-01 2.2963e-01 3.1571e-01 3.7333e-01 4.0326e-01 4.1617e-01 4.1722e-01 4.1018e-01 4.0229e-01 3.9517e-01 3.8879e-01 3.8310e-01 3.7797e-01 3.7331e-01 3.6905e-01 3.6514e-01 3.6152e-01 3.5816e-01 3.5503e-01 3.5210e-01 3.4934e-01 3.4676e-01 3.4431e-01 3.4200e-01 3.3981e-01 3.3772e-01 3.3574e-01 3.3384e-01 3.3204e-01 3.3030e-01 3.2865e-01 3.2705e-01 3.2553e-01 3.2406e-01 3.2264e-01 3.2127e-01 3.1996e-01 3.1868e-01 3.1745e-01 3.1626e-01 3.1511e-01 3.1399e-01 3.1291e-01 3.1186e-01 3.1083e-01 3.0984e-01 3.0888e-01 3.0794e-01 3.0702e-01 3.0613e-01 3.0526e-01 3.0442e-01 3.0359e-01 3.0278e-01 3.0200e-01 3.0123e-01 3.0048e-01 2.9974e-01 2.9902e-01 2.9832e-01 2.9763e-01 2.9696e-01 2.9630e-01 2.9566e-01 2.9502e-01 2.9440e-01 2.9379e-01 2.9320e-01 2.9261e-01 2.9203e-01 2.9147e-01 2.9092e-01 2.9037e-01 2.8984e-01 2.8931e-01 2.8879e-01 2.8829e-01 2.8779e-01 2.8729e-01 2.8681e-01 2.8634e-01 2.8587e-01 2.8541e-01 2.8495e-01 2.8451e-01 2.8407e-01 2.8363e-01 2.8321e-01 2.8279e-01 2.8237e-01 2.8196e-01 2.8156e-01 2.8116e-01 2.8077e-01 2.8038e-01 2.8000e-01
# residual diameter 1 history (mean)
3.5799e+01 3.5789e+01 3.5767e+01 3.5737e+01 3.5707e+01 3.5677e+01 3.5637e+01 3.5591e+01 3.5543e+01 3.5494e+01 3.5445e+01 3.5397e+01 3.5351e+01 3.5305e+01 3.5259e+01 3.5215e+01 3.5171e+01 3.5128e+01 3.5085e+01 3.5042e+01 3.5000e+01 3.4959e+01 3.4917e+01 3.4877e+01 3.4836e+01 3.4796e+01 3.4756e+01 3.4716e+01 3.4677e+01 3.4638e+01 3.4599e+01 3.4560e+01 3.4522e+01 3.4483e+01 3.4445e+01 3.4408e+01 3.4370e+01 3.4332e+01 3.4295e+01 3.4258e+01 3.4221e+01 3.4184e+01 3.4147e+01 3.4111e+01 3.4074e+01 3.4038e+01 3.4002e+01 3.3966e+01 3.3930e+01 3.3894e+01 3.3858e+01 3.3823e+01 3.3787e+01 3.3752e+01 3.3717e+01 3.3681e+01 3.3646e+01 3.3611e+01 3.3576e+01 3.3542e+01 3.3507e+01 3.3472e+01 3.3438e+01 3.3403e+01 3.3369e+01 3.3335e+01 3.3301e+01 3.3266e+01 3.3232e+01 3.3198e+01 3.3165e+01 3.3131e+01 3.3097e+01 3.3063e+01 3.3030e+01 3.2996e+01 3.2963e+01 3.2929e+01 3.2896e+01 3.2863e+01 3.2829e+01 3.2796e+01 3.2763e+01 3.2730e+01 3.2697e+01 3.2664e+01 3.2631e+01 3.2598e+01 3.2565e+01 3.2533e+01 3.2500e+01 3.2467e+01 3.2435e+01 3.2402e+01 3.2370e+01 3.2337e+01 3.2305e+01 3.2273e+01 3.2240e+01 3.2208e+01
# residual diameter 1 history (std)
5.8702e-03 1.7779e-02 2.8386e-02 3.3193e-02 3.8507e-02 4.5184e-02 5.4209e-02 6.5189e-02 7.7699e-02 9.1222e-02 1.0524e-01 1.1940e-01 1.3354e-01 1.4760e-01 1.6157e-01 1.7541e-01 1.8914e-01 2.0275e-01 2.1624e-01 2.2962e-01 2.4289e-01 2.5607e-01 2.6914e-01 2.8212e-01 2.9501e-01 3.0781e-01 3.2054e-01 3.3318e-01 3.4576e-01 3.5826e-01 3.7069e-01 3.8306e-01 3.9536e-01 4.0760e-01 4.1979e-01 4.3192e-01 4.4400e-01 4.5602e-01 4.6799e-01 4.7992e-01 4.9179e-01 5.0363e-01 5.1542e-01 5.2716e-01 5.3887e-01 5.5053e-01 5.6215e-01 5.7374e-01 5.8529e-01 5.9680e-01 6.0828e-01 6.1973e-01 6.3114e-01 6.4252e-01 6.5387e-01 6.6519e-01 6.7647e-01 6.8773e-01 6.9896e-01 7.1016e-01 7.2133e-01 7.3248e-01 7.4360e-01 7.5470e-01 7.6577e-01 7.7681e-01 7.8783e-01 7.9883e-01 8.0980e-01 8.2076e-01 8.3168e-01 8.4259e-01 8.5348e-01 8.6434e-01 8.7519e-01 8.8601e-01 8.9681e-01 9.0760e-01 9.1836e-01 9.2911e-01 9.3983e-01 9.5054e-01 9.6123e-01 9.7191e-01 9.8256e-01 9.9320e-01 1.0038e+00 1.0144e+00 1.0250e+00 1.0356e+00 1.0461e+00 1.0567e+00 1.0672e+00 1.0777e+00 1.0882e+00 1.0987e+00 1.1092e+00 1.1196e+00 1.1300e+00 1.1405e+00
# residual diameter 2 history (mean)
3.5800e+01 3.5800e+01 3.5800e+01 3.5800e+01 3.5800e+01 3.5800e+01 3.5800e+01 3.5800e+01 3.5800e+01 3.5800e+01 3.5800e+01 3.5800e+01 3.5799e+01 3.5799e+01 3.5798e+01 3.5798e+01 3.5797e+01 3.5795e+01 3.5794e+01 3.5792e+01 3.5790e+01 3.5788e+01 3.5785e+01 3.5781e+01 3.5777e+01 3.5773e+01 3.5768e+01 3.5762e+01 3.5756e+01 3.5750e+01 3.5743e+01 3.5735e+01 3.5727e+01 3.5718e+01 3.5709e+01 3.5699e+01 3.5689e+01 3.5678e+01 3.5667e+01 3.5656e+01 3.5644e+01 3.5632e+01 3.5619e+01 3.5606e+01 3.5593e+01 3.5580e+01 3.5566e+01 3.5553e+01 3.5539e+01 3.5525e+01 3.5511e+01 3.5496e+01 3.5482e+01 3.5467e+01 3.5453e+01 3.5438e+01 3.5423e+01 3.5408e+01 3.5393e+01 3.5377e+01 3.5362e+01 3.5346e+01 3.5331e+01 3.5315e+01 3.5300e+01 3.5284e+01 3.5268e+01 3.5253e+01 3.5237e+01 3.5221e+01 3.5205e+01 3.5189e+01 3.5173e+01 3.5157e+01 3.5141e+01 3.5125e+01 3.5109e+01 3.5093e+01 3.5077e+01 3.5061e+01 3.5044e+01 3.5028e+01 3.5012e+01 3.4996e+01 3.4979e+01 3.4963e+01 3.4947e+01 3.4930e+01 3.4914e+01 3.4897e+01 3.4881e+01 3.4864e+01 3.4848e+01 3.4831e+01 3.4815e+01 3.4798e+01 3.4782e+01 3.4765e+01 3.4748e+01 3.4732e+01
# residual diameter 2 history (std)
1.9283e-06 1.9283e-06 1.9283e-06 1.9283e-06 1.9283e-06 1.9283e-06 3.4443e-06 4.3068e-04 1.2194e-03 2.2056e-03 3.3759e-03 4.8268e-03 6.5832e-03 8.6860e-03 1.1246e-02 1.4208e-02 1.7523e-02 2.1250e-02 2.5328e-02 2.9689e-02 3.4311e-02 3.9177e-02 4.4330e-02 4.9810e-02 5.5669e-02 6.1766e-02 6.8116e-02 7.4590e-02 8.1251e-02 8.7974e-02 9.4780e-02 1.0166e-01 1.0845e-01 1.1523e-01 1.2204e-01 1.2879e-01 1.3535e-01 1.4184e-01 1.4823e-01 1.5441e-01 1.6064e-01 1.6654e-01 1.7228e-01 1.7797e-01 1.8374e-01 1.8932e-01 1.9478e-01 2.0031e-01 2.0575e-01 2.1095e-01 2.1616e-01 2.2116e-01 2.2624e-01 2.3125e-01 2.3618e-01 2.4115e-01 2.4583e-01 2.5032e-01 2.5489e-01 2.5938e-01 2.6381e-01 2.6826e-01 2.7272e-01 2.7717e-01 2.8155e-01 2.8591e-01 2.9040e-01 2.9493e-01 2.9940e-01 3.0386e-01 3.0835e-01 3.1276e-01 3.1716e-01 3.2159e-01 3.2599e-01 3.3048e-01 3.3500e-01 3.3957e-01 3.4408e-01 3.4862e-01 3.5321e-01 3.5782e-01 3.6237e-01 3.6700e-01 3.7164e-01 3.7630e-01 3.8101e-01 3.8573e-01 3.9046e-01 3.9522e-01 4.0002e-01 4.0485e-01 4.0966e-01 4.1447e-01 4.1931e-01 4.2418e-01 4.2907e-01 4.3394e-01 4.3885e-01 4.4378e-01
# radial pressure history (mean)
1.0000e+00 1.0040e+00 1.1814e+00 4.6243e+00 1.3859e+01 2.3535e+01 3.6767e+01 5.1956e+01 6.7960e+01 8.4210e+01 1.0034e+02 1.1612e+02 1.3156e+02 1.4669e+02 1.6156e+02 1.7618e+02 1.9057e+02 2.0477e+02 2.1878e+02 2.3262e+02 2.4630e+02 2.5983e+02 2.7322e+02 2.8648e+02 2.9961e+02 3.1263e+02 3.2554e+02 3.3834e+02 3.5104e+02 3.6365e+02 3.7616e+02 3.8858e+02 4.0092e+02 4.1318e+02 4.2536e+02 4.3747e+02 4.4950e+02 4.6146e+02 4.7336e+02 4.8519e+02 4.9695e+02 5.0865e+02 5.2029e+02 5.3188e+02 5.4340e+02 5.5487e+02 5.6629e+02 5.7765e+02 5.8897e+02 6.0023e+02 6.1144e+02 6.2260e+02 6.3372e+02 6.4479e+02 6.5582e+02 6.6680e+02 6.7774e+02 6.8864e+02 6.9950e+02 7.1031e+02 7.2109e+02 7.3182e+02 7.4252e+02 7.5318e+02 7.6380e+02 7.7439e+02 7.8494e+02 7.9545e+02 8.0593e+02 8.1638e+02 8.2679e+02 8.3717e+02 8.4751e+02 8.5783e+02 8.6811e+02 8.7836e+02 8.8858e+02 8.9876e+02 9.0892e+02 9.1905e+02 9.2915e+02 9.3921e+02 9.4925e+02 9.5927e+02 9.6925e+02 9.7921e+02 9.8913e+02 9.9904e+02 1.0089e+03 1.0188e+03 1.0286e+03 1.0384e+03 1.0481e+03 1.0579e+03 1.0676e+03 1.0773e+03 1.0870e+03 1.0966e+03 1.1062e+03 1.1158e+03
# radial pressure history (std)
3.9449e-08 7.5862e-02 6.7406e-01 3.0250e+00 4.8953e+00 7.9773e+00 1.3259e+01 1.9877e+01 2.7134e+01 3.4649e+01 4.2171e+01 4.9549e+01 5.6766e+01 6.3836e+01 7.0775e+01 7.7594e+01 8.4305e+01 9.0917e+01 9.7438e+01 1.0387e+02 1.1023e+02 1.1652e+02 1.2273e+02 1.2889e+02 1.3498e+02 1.4101e+02 1.4699e+02 1.5291e+02 1.5879e+02 1.6462e+02 1.7040e+02 1.7614e+02 1.8184e+02 1.8750e+02 1.9312e+02 1.9870e+02 2.0425e+02 2.0976e+02 2.1523e+02 2.2068e+02 2.2609e+02 2.3147e+02 2.3682e+02 2.4214e+02 2.4744e+02 2.5270e+02 2.5794e+02 2.6315e+02 2.6833e+02 2.7349e+02 2.7863e+02 2.8374e+02 2.8882e+02 2.9389e+02 2.9893e+02 3.0395e+02 3.0894e+02 3.1392e+02 3.1887e+02 3.2380e+02 3.2872e+02 3.3361e+02 3.3848e+02 3.4333e+02 3.4817e+02 3.5298e+02 3.5778e+02 3.6256e+02 3.6732e+02 3.7206e+02 3.7678e+02 3.8149e+02 3.8618e+02 3.9086e+02 3.9551e+02 4.0015e+02 4.0478e+02 4.0939e+02 4.1398e+02 4.1856e+02 4.2312e+02 4.2766e+02 4.3220e+02 4.3671e+02 4.4121e+02 4.4570e+02 4.5018e+02 4.5463e+02 4.5908e+02 4.6351e+02 4.6793e+02 4.7233e+02 4.7672e+02 4.8109e+02 4.8546e+02 4.8981e+02 4.9414e+02 4.9847e+02 5.0278e+02 5.0707e+02
# crack prob history
1.0096e-06 1.0096e-06 1.0096e-06 5.8342e-04 9.9698e-01 1.0000e+00 1.0000e+00 1.0000e+00 1.0000e+00 1.0000e+00 1.0000e+00 1.0000e+00 1.0000e+00 1.0000e+00 1.0000e+00 1.0000e+00 1.0000e+00 1.0000e+00 1.0000e+00 1.0000e+00 1.0000e+00 1.0000e+00 1.0000e+00 1.0000e+00 1.0000e+00 1.0000e+00 1.0000e+00 1.0000e+00 1.0000e+00 1.0000e+00 1.0000e+00 1.0000e+00 1.0000e+00 1.0000e+00 1.0000e+00 1.0000e+00 1.0000e+00 1.0000e+00 1.0000e+00 1.0000e+00 1.0000e+00 1.0000e+00 1.0000e+00 1.0000e+00 1.0000e+00 1.0000e+00 1.0000e+00 1.0000e+00 1.0000e+00 1.0000e+00 1.0000e+00 1.0000e+00 1.0000e+00 1.0000e+00 1.0000e+00 1.0000e+00 1.0000e+00 1.0000e+00 1.0000e+00 1.0000e+00 1.0000e+00 1.0000e+00 1.0000e+00 1.0000e+00 1.0000e+00 1.0000e+00 1.0000e+00 1.0000e+00 1.0000e+00 1.0000e+00 1.0000e+00 1.0000e+00 1.0000e+00 1.0000e+00 1.0000e+00 1.0000e+00 1.0000e+00 1.0000e+00 1.0000e+00 1.0000e+00 1.0000e+00 1.0000e+00 1.0000e+00 1.0000e+00 1.0000e+00 1.0000e+00 1.0000e+00 1.0000e+00 1.0000e+00 1.0000e+00 1.0000e+00 1.0000e+00 1.0000e+00 1.0000e+00 1.0000e+00 1.0000e+00 1.0000e+00 1.0000e+00 1.0000e+00 1.0000e+00
# ds at crack history (mean)
3.6145e-05 3.6145e-05 3.6145e-05 2.0857e-02 3.5599e+01 3.5707e+01 3.5707e+01 3.5707e+01 3.5707e+01 3.5707e+01 3.5707e+01 3.5707e+01 3.5707e+01 3.5707e+01 3.5707e+01 3.5707e+01 3.5707e+01 3.5707e+01 3.5707e+01 3.5707e+01 3.5707e+01 3.5707e+01 3.5707e+01 3.5707e+01 3.5707e+01 3.5707e+01 3.5707e+01 3.5707e+01 3.5707e+01 3.5707e+01 3.5707e+01 3.5707e+01 3.5707e+01 3.5707e+01 3.5707e+01 3.5707e+01 3.5707e+01 3.5707e+01 3.5707e+01 3.5707e+01 3.5707e+01 3.5707e+01 3.5707e+01 3.5707e+01 3.5707e+01 3.5707e+01 3.5707e+01 3.5707e+01 3.5707e+01 3.5707e+01 3.5707e+01 3.5707e+01 3.5707e+01 3.5707e+01 3.5707e+01 3.5707e+01 3.5707e+01 3.5707e+01 3.5707e+01 3.5707e+01 3.5707e+01 3.5707e+01 3.5707e+01 3.5707e+01 3.5707e+01 3.5707e+01 3.5707e+01 3.5707e+01 3.5707e+01 3.5707e+01 3.5707e+01 3.5707e+01 3.5707e+01 3.5707e+01 3.5707e+01 3.5707e+01 3.5707e+01 3.5707e+01 3.5707e+01 3.5707e+01 3.5707e+01 3.5707e+01 3.5707e+01 3.5707e+01 3.5707e+01 3.5707e+01 3.5707e+01 3.5707e+01 3.5707e+01 3.5707e+01 3.5707e+01 3.5707e+01 3.5707e+01 3.5707e+01 3.5707e+01 3.5707e+01 3.5707e+01 3.5707e+01 3.5707e+01 3.5707e+01
# ds at crack history (std)
3.5982e-02 3.5982e-02 3.5982e-02 8.6348e-01 1.9600e+00 5.3018e-02 3.8514e-02 3.8514e-02 3.8514e-02 3.8514e-02 3.8514e-02 3.8514e-02 3.8514e-02 3.8514e-02 3.8514e-02 3.8514e-02 3.8514e-02 3.8514e-02 3.8514e-02 3.8514e-02 3.8514e-02 3.8514e-02 3.8514e-02 3.8514e-02 3.8514e-02 3.8514e-02 3.8514e-02 3.8514e-02 3.8514e-02 3.8514e-02 3.8514e-02 3.8514e-02 3.8514e-02 3.8514e-02 3.8514e-02 3.8514e-02 3.8514e-02 3.8514e-02 3.8514e-02 3.8514e-02 3.8514e-02 3.8514e-02 3.8514e-02 3.8514e-02 3.8514e-02 3.8514e-02 3.8514e-02 3.8514e-02 3.8514e-02 3.8514e-02 3.8514e-02 3.8514e-02 3.8514e-02 3.8514e-02 3.8514e-02 3.8514e-02 3.8514e-02 3.8514e-02 3.8514e-02 3.8514e-02 3.8514e-02 3.8514e-02 3.8514e-02 3.8514e-02 3.8514e-02 3.8514e-02 3.8514e-02 3.8514e-02 3.8514e-02 3.8514e-02 3.8514e-02 3.8514e-02 3.8514e-02 3.8514e-02 3.8514e-02 3.8514e-02 3.8514e-02 3.8514e-02 3.8514e-02 3.8514e-02 3.8514e-02 3.8514e-02 3.8514e-02 3.8514e-02 3.8514e-02 3.8514e-02 3.8514e-02 3.8514e-02 3.8514e-02 3.8514e-02 3.8514e-02 3.8514e-02 3.8514e-02 3.8514e-02 3.8514e-02 3.8514e-02 3.8514e-02 3.8514e-02 3.8514e-02 3.8514e-02
# crack width history (mean)
0.0000e+00 3.8331e-275 2.3152e-87 1.3561e-20 5.1255e-05 1.3191e-01 3.1012e-01 5.1261e-01 7.2490e-01 9.3992e-01 1.1531e+00 1.3618e+00 1.5660e+00 1.7663e+00 1.9630e+00 2.1565e+00 2.3472e+00 2.5352e+00 2.7208e+00 2.9042e+00 3.0855e+00 3.2648e+00 3.4423e+00 3.6181e+00 3.7922e+00 3.9648e+00 4.1360e+00 4.3058e+00 4.4743e+00 4.6415e+00 4.8075e+00 4.9724e+00 5.1361e+00 5.2988e+00 5.4604e+00 5.6211e+00 5.7808e+00 5.9396e+00 6.0975e+00 6.2546e+00 6.4108e+00 6.5662e+00 6.7208e+00 6.8746e+00 7.0277e+00 7.1801e+00 7.3318e+00 7.4827e+00 7.6330e+00 7.7827e+00 7.9317e+00 8.0801e+00 8.2278e+00 8.3750e+00 8.5216e+00 8.6676e+00 8.8130e+00 8.9579e+00 9.1023e+00 9.2461e+00 9.3894e+00 9.5322e+00 9.6745e+00 9.8163e+00 9.9576e+00 1.0098e+01 1.0239e+01 1.0379e+01 1.0518e+01 1.0657e+01 1.0796e+01 1.0934e+01 1.1072e+01 1.1209e+01 1.1346e+01 1.1482e+01 1.1618e+01 1.1754e+01 1.1889e+01 1.2024e+01 1.2159e+01 1.2293e+01 1.2426e+01 1.2560e+01 1.2693e+01 1.2825e+01 1.2958e+01 1.3090e+01 1.3221e+01 1.3353e+01 1.3484e+01 1.3614e+01 1.3744e+01 1.3874e+01 1.4004e+01 1.4133e+01 1.4262e+01 1.4391e+01 1.4519e+01 1.4647e+01
# crack width history (std)
0.0000e+00 1.9262e-138 1.4054e-44 3.1504e-11 2.1355e-03 1.8804e-02 3.0793e-02 3.6304e-02 3.7594e-02 3.6679e-02 3.4430e-02 3.2289e-02 3.0937e-02 3.0467e-02 3.0878e-02 3.2104e-02 3.4038e-02 3.6551e-02 3.9522e-02 4.2847e-02 4.6443e-02 5.0243e-02 5.4201e-02 5.8278e-02 6.2447e-02 6.6686e-02 7.0980e-02 7.5315e-02 7.9683e-02 8.4074e-02 8.8484e-02 9.2906e-02 9.7339e-02 1.0178e-01 1.0622e-01 1.1066e-01 1.1511e-01 1.1955e-01 1.2399e-01 1.2843e-01 1.3286e-01 1.3729e-01 1.4171e-01 1.4613e-01 1.5055e-01 1.5496e-01 1.5936e-01 1.6376e-01 1.6815e-01 1.7254e-01 1.7692e-01 1.8130e-01 1.8567e-01 1.9004e-01 1.9440e-01 1.9876e-01 2.0312e-01 2.0747e-01 2.1182e-01 2.1616e-01 2.2051e-01 2.2485e-01 2.2918e-01 2.3352e-01 2.3785e-01 2.4218e-01 2.4652e-01 2.5085e-01 2.5518e-01 2.5951e-01 2.6384e-01 2.6817e-01 2.7250e-01 2.7683e-01 2.8116e-01 2.8550e-01 2.8984e-01 2.9417e-01 2.9852e-01 3.0286e-01 3.0721e-01 3.1156e-01 3.1592e-01 3.2028e-01 3.2464e-01 3.2901e-01 3.3339e-01 3.3777e-01 3.4215e-01 3.4654e-01 3.5094e-01 3.5535e-01 3.5976e-01 3.6417e-01 3.6860e-01 3.7303e-01 3.7747e-01 3.8192e-01 3.8638e-01 3.9085e-01
# cracked concrete diffusion history (fw, mean)
1.0000e+00 1.0000e+00 1.0000e+00 1.0000e+00 1.0004e+00 2.3334e+00 5.0255e+00 9.3051e+00 1.4995e+01 1.9150e+01 1.9957e+01 1.9998e+01 2.0000e+01 2.0000e+01 2.0000e+01 2.0000e+01 2.0000e+01 2.0000e+01 2.0000e+01 2.0000e+01 2.0000e+01 2.0000e+01 2.0000e+01 2.0000e+01 2.0000e+01 2.0000e+01 2.0000e+01 2.0000e+01 2.0000e+01 2.0000e+01 2.0000e+01 2.0000e+01 2.0000e+01 2.0000e+01 2.0000e+01 2.0000e+01 2.0000e+01 2.0000e+01 2.0000e+01 2.0000e+01 2.0000e+01 2.0000e+01 2.0000e+01 2.0000e+01 2.0000e+01 2.0000e+01 2.0000e+01 2.0000e+01 2.0000e+01 2.0000e+01 2.0000e+01 2.0000e+01 2.0000e+01 2.0000e+01 2.0000e+01 2.0000e+01 2.0000e+01 2.0000e+01 2.0000e+01 2.0000e+01 2.0000e+01 2.0000e+01 2.0000e+01 2.0000e+01 2.0000e+01 2.0000e+01 2.0000e+01 2.0000e+01 2.0000e+01 2.0000e+01 2.0000e+01 2.0000e+01 2.0000e+01 2.0000e+01 2.0000e+01 2.0000e+01 2.0000e+01 2.0000e+01 2.0000e+01 2.0000e+01 2.0000e+01 2.0000e+01 2.0000e+01 2.0000e+01 2.0000e+01 2.0000e+01 2.0000e+01 2.0000e+01 2.0000e+01 2.0000e+01 2.0000e+01 2.0000e+01 2.0000e+01 2.0000e+01 2.0000e+01 2.0000e+01 2.0000e+01 2.0000e+01 2.0000e+01 2.0000e+01
# cracked concrete diffusion history (fw, std)
3.9449e-08 3.9449e-08 3.9449e-08 3.9449e-08 1.8824e-02 3.4407e-01 1.0300e+00 2.0530e+00 2.9735e+00 1.6243e+00 3.6288e-01 5.9120e-02 1.1902e-06 1.1902e-06 1.1902e-06 1.1902e-06 1.1902e-06 1.1902e-06 1.1902e-06 1.1902e-06 1.1902e-06 1.1902e-06 1.1902e-06 1.1902e-06 1.1902e-06 1.1902e-06 1.1902e-06 1.1902e-06 1.1902e-06 1.1902e-06 1.1902e-06 1.1902e-06 1.1902e-06 1.1902e-06 1.1902e-06 1.1902e-06 1.1902e-06 1.1902e-06 1.1902e-06 1.1902e-06 1.1902e-06 1.1902e-06 1.1902e-06 1.1902e-06 1.1902e-06 1.1902e-06 1.1902e-06 1.1902e-06 1.1902e-06 1.1902e-06 1.1902e-06 1.1902e-06 1.1902e-06 1.1902e-06 1.1902e-06 1.1902e-06 1.1902e-06 1.1902e-06 1.1902e-06 1.1902e-06 1.1902e-06 1.1902e-06 1.1902e-06 1.1902e-06 1.1902e-06 1.1902e-06 1.1902e-06 1.1902e-06 1.1902e-06 1.1902e-06 1.1902e-06 1.1902e-06 1.1902e-06 1.1902e-06 1.1902e-06 1.1902e-06 1.1902e-06 1.1902e-06 1.1902e-06 1.1902e-06 1.1902e-06 1.1902e-06 1.1902e-06 1.1902e-06 1.1902e-06 1.1902e-06 1.1902e-06 1.1902e-06 1.1902e-06 1.1902e-06 1.1902e-06 1.1902e-06 1.1902e-06 1.1902e-06 1.1902e-06 1.1902e-06 1.1902e-06 1.1902e-06 1.1902e-06 1.1902e-06
# flexural resistance history (mean, kNm)
1.6244e+03 1.6238e+03 1.6223e+03 1.6203e+03 1.6184e+03 1.6164e+03 1.6138e+03 1.6108e+03 1.6077e+03 1.6045e+03 1.6013e+03 1.5982e+03 1.5952e+03 1.5922e+03 1.5892e+03 1.5863e+03 1.5835e+03 1.5807e+03 1.5779e+03 1.5751e+03 1.5724e+03 1.5696e+03 1.5669e+03 1.5642e+03 1.5616e+03 1.5589e+03 1.5562e+03 1.5536e+03 1.5510e+03 1.5483e+03 1.5457e+03 1.5431e+03 1.5405e+03 1.5379e+03 1.5352e+03 1.5326e+03 1.5300e+03 1.5275e+03 1.5249e+03 1.5223e+03 1.5197e+03 1.5171e+03 1.5145e+03 1.5120e+03 1.5094e+03 1.5068e+03 1.5043e+03 1.5017e+03 1.4992e+03 1.4967e+03 1.4941e+03 1.4916e+03 1.4891e+03 1.4866e+03 1.4841e+03 1.4816e+03 1.4791e+03 1.4766e+03 1.4742e+03 1.4717e+03 1.4692e+03 1.4668e+03 1.4643e+03 1.4618e+03 1.4594e+03 1.4570e+03 1.4545e+03 1.4521e+03 1.4497e+03 1.4473e+03 1.4449e+03 1.4425e+03 1.4401e+03 1.4377e+03 1.4353e+03 1.4329e+03 1.4305e+03 1.4282e+03 1.4258e+03 1.4235e+03 1.4211e+03 1.4188e+03 1.4164e+03 1.4141e+03 1.4117e+03 1.4094e+03 1.4071e+03 1.4048e+03 1.4025e+03 1.4002e+03 1.3979e+03 1.3956e+03 1.3933e+03 1.3910e+03 1.3887e+03 1.3864e+03 1.3841e+03 1.3819e+03 1.3796e+03 1.3773e+03
# flexural resistance history (std, kNm)
2.1489e+02 2.1480e+02 2.1462e+02 2.1440e+02 2.1416e+02 2.1394e+02 2.1363e+02 2.1327e+02 2.1291e+02 2.1254e+02 2.1218e+02 2.1183e+02 2.1150e+02 2.1117e+02 2.1085e+02 2.1054e+02 2.1024e+02 2.0994e+02 2.0966e+02 2.0938e+02 2.0910e+02 2.0883e+02 2.0856e+02 2.0830e+02 2.0804e+02 2.0779e+02 2.0754e+02 2.0730e+02 2.0706e+02 2.0683e+02 2.0661e+02 2.0639e+02 2.0618e+02 2.0597e+02 2.0576e+02 2.0555e+02 2.0535e+02 2.0516e+02 2.0497e+02 2.0478e+02 2.0459e+02 2.0441e+02 2.0423e+02 2.0405e+02 2.0388e+02 2.0371e+02 2.0354e+02 2.0338e+02 2.0322e+02 2.0306e+02 2.0290e+02 2.0275e+02 2.0260e+02 2.0245e+02 2.0231e+02 2.0217e+02 2.0204e+02 2.0190e+02 2.0178e+02 2.0165e+02 2.0152e+02 2.0140e+02 2.0128e+02 2.0117e+02 2.0105e+02 2.0094e+02 2.0083e+02 2.0072e+02 2.0062e+02 2.0052e+02 2.0042e+02 2.0033e+02 2.0024e+02 2.0015e+02 2.0006e+02 1.9998e+02 1.9989e+02 1.9982e+02 1.9974e+02 1.9967e+02 1.9960e+02 1.9953e+02 1.9946e+02 1.9940e+02 1.9934e+02 1.9928e+02 1.9923e+02 1.9918e+02 1.9913e+02 1.9908e+02 1.9903e+02 1.9899e+02 1.9895e+02 1.9891e+02 1.9887e+02 1.9884e+02 1.9881e+02 1.9878e+02 1.9875e+02 1.9873e+02
# shear resistance history (mean, kN)
1.1961e+03 1.1961e+03 1.1961e+03 1.1961e+03 1.1961e+03 1.1961e+03 1.1961e+03 1.1961e+03 1.1961e+03 1.1961e+03 1.1961e+03 1.1961e+03 1.1961e+03 1.1961e+03 1.1961e+03 1.1961e+03 1.1961e+03 1.1961e+03 1.1961e+03 1.1961e+03 1.1961e+03 1.1961e+03 1.1961e+03 1.1961e+03 1.1961e+03 1.1961e+03 1.1961e+03 1.1961e+03 1.1961e+03 1.1961e+03 1.1961e+03 1.1961e+03 1.1961e+03 1.1961e+03 1.1961e+03 1.1961e+03 1.1961e+03 1.1961e+03 1.1961e+03 1.1961e+03 1.1961e+03 1.1961e+03 1.1961e+03 1.1961e+03 1.1961e+03 1.1961e+03 1.1961e+03 1.1961e+03 1.1961e+03 1.1961e+03 1.1961e+03 1.1961e+03 1.1961e+03 1.1961e+03 1.1961e+03 1.1961e+03 1.1961e+03 1.1961e+03 1.1961e+03 1.1961e+03 1.1961e+03 1.1961e+03 1.1961e+03 1.1961e+03 1.1961e+03 1.1961e+03 1.1961e+03 1.1961e+03 1.1961e+03 1.1961e+03 1.1961e+03 1.1961e+03 1.1961e+03 1.1961e+03 1.1961e+03 1.1961e+03 1.1961e+03 1.1961e+03 1.1961e+03 1.1961e+03 1.1961e+03 1.1961e+03 1.1961e+03 1.1961e+03 1.1961e+03 1.1961e+03 1.1961e+03 1.1961e+03 1.1961e+03 1.1961e+03 1.1961e+03 1.1961e+03 1.1961e+03 1.1961e+03 1.1961e+03 1.1961e+03 1.1961e+03 1.1961e+03 1.1961e+03 1.1961e+03
# shear resistance history (std, kN)
1.7270e+02 1.7270e+02 1.7270e+02 1.7270e+02 1.7270e+02 1.7270e+02 1.7270e+02 1.7270e+02 1.7270e+02 1.7270e+02 1.7270e+02 1.7270e+02 1.7270e+02 1.7270e+02 1.7270e+02 1.7270e+02 1.7270e+02 1.7270e+02 1.7270e+02 1.7270e+02 1.7270e+02 1.7270e+02 1.7270e+02 1.7270e+02 1.7270e+02 1.7270e+02 1.7270e+02 1.7270e+02 1.7270e+02 1.7270e+02 1.7270e+02 1.7270e+02 1.7270e+02 1.7270e+02 1.7270e+02 1.7270e+02 1.7270e+02 1.7270e+02 1.7270e+02 1.7270e+02 1.7270e+02 1.7270e+02 1.7270e+02 1.7270e+02 1.7270e+02 1.7270e+02 1.7270e+02 1.7270e+02 1.7270e+02 1.7270e+02 1.7270e+02 1.7270e+02 1.7270e+02 1.7270e+02 1.7270e+02 1.7270e+02 1.7270e+02 1.7270e+02 1.7270e+02 1.7270e+02 1.7270e+02 1.7270e+02 1.7270e+02 1.7270e+02 1.7270e+02 1.7270e+02 1.7270e+02 1.7270e+02 1.7270e+02 1.7270e+02 1.7270e+02 1.7270e+02 1.7270e+02 1.7270e+02 1.7270e+02 1.7270e+02 1.7270e+02 1.7270e+02 1.7270e+02 1.7270e+02 1.7270e+02 1.7270e+02 1.7270e+02 1.7270e+02 1.7270e+02 1.7270e+02 1.7270e+02 1.7270e+02 1.7270e+02 1.7270e+02 1.7270e+02 1.7270e+02 1.7270e+02 1.7270e+02 1.7270e+02 1.7270e+02 1.7270e+02 1.7270e+02 1.7270e+02 1.7270e+02
