# service life
2 4 6 8 10 12 14 16 18 20 22 24 26 28 30 32 34 36 38 40 42 44 46 48 50 52 54 56 58 60 62 64 66 68 70 72 74 76 78 80 82 84 86 88 90 92 94 96 98 100 102 104 106 108 110 112 114 116 118 120 122 124 126 128 130 132 134 136 138 140 142 144 146 148 150 152 154 156 158 160 162 164 166 168 170 172 174 176 178 180 182 184 186 188 190 192 194 196 198 200
# chloride history (mean)
5.8608e-01 1.1100e+00 1.4626e+00 1.7190e+00 1.9169e+00 3.0655e+00 3.7283e+00 4.0701e+00 4.2172e+00 4.2525e+00 4.2732e+00 4.2913e+00 4.3075e+00 4.3220e+00 4.3352e+00 4.3471e+00 4.3581e+00 4.3682e+00 4.3776e+00 4.3863e+00 4.3944e+00 4.4020e+00 4.4091e+00 4.4158e+00 4.4221e+00 4.4281e+00 4.4338e+00 4.4391e+00 4.4443e+00 4.4491e+00 4.4538e+00 4.4582e+00 4.4625e+00 4.4666e+00 4.4705e+00 4.4743e+00 4.4779e+00 4.4814e+00 4.4847e+00 4.4880e+00 4.4911e+00 4.4942e+00 4.4971e+00 4.4999e+00 4.5027e+00 4.5053e+00 4.5079e+00 4.5104e+00 4.5129e+00 4.5152e+00 4.5175e+00 4.5198e+00 4.5219e+00 4.5241e+00 4.5261e+00 4.5282e+00 4.5301e+00 4.5320e+00 4.5339e+00 4.5357e+00 4.5375e+00 4.5393e+00 4.5410e+00 4.5427e+00 4.5443e+00 4.5459e+00 4.5475e+00 4.5490e+00 4.5505e+00 4.5520e+00 4.5534e+00 4.5548e+00 4.5562e+00 4.5576e+00 4.5589e+00 4.5602e+00 4.5615e+00 4.5628e+00 4.5640e+00 4.5653e+00 4.5665e+00 4.5676e+00 4.5688e+00 4.5699e+00 4.5711e+00 4.5722e+00 4.5732e+00 4.5743e+00 4.5754e+00 4.5764e+00 4.5774e+00 4.5784e+00 4.5794e+00 4.5804e+00 4.5813e+00 4.5823e+00 4.5832e+00 4.5841e+00 4.5850e+00 4.5859e+00
# chloride history (std)
3.8052e-01 5.2621e-01 6.1429e-01 6.8134e-01 7.3673e-01 1.1192e+00 1.3929e+00 1.5552e+00 1.6332e+00 1.6512e+00 1.6610e+00 1.6696e+00 1.6772e+00 1.6841e+00 1.6903e+00 1.6960e+00 1.7013e+00 1.7061e+00 1.7105e+00 1.7147e+00 1.7186e+00 1.7222e+00 1.7256e+00 1.7288e+00 1.7318e+00 1.7347e+00 1.7374e+00 1.7400e+00 1.7424e+00 1.7448e+00 1.7470e+00 1.7491e+00 1.7512e+00 1.7531e+00 1.7550e+00 1.7568e+00 1.7586e+00 1.7603e+00 1.7619e+00 1.7634e+00 1.7649e+00 1.7664e+00 1.7678e+00 1.7692e+00 1.7705e+00 1.7718e+00 1.7730e+00 1.7742e+00 1.7754e+00 1.7765e+00 1.7776e+00 1.7787e+00 1.7798e+00 1.7808e+00 1.7818e+00 1.7828e+00 1.7837e+00 1.7846e+00 1.7856e+00 1.7864e+00 1.7873e+00 1.7881e+00 1.7890e+00 1.7898e+00 1.7906e+00 1.7913e+00 1.7921e+00 1.7928e+00 1.7936e+00 1.7943e+00 1.7950e+00 1.7957e+00 1.7963e+00 1.7970e+00 1.7976e+00 1.7983e+00 1.7989e+00 1.7995e+00 1.8001e+00 1.8007e+00 1.8013e+00 1.8018e+00 1.8024e+00 1.8029e+00 1.8035e+00 1.8040e+00 1.8045e+00 1.8051e+00 1.8056e+00 1.8061e+00 1.8066e+00 1.8071e+00 1.8075e+00 1.8080e+00 1.8085e+00 1.8089e+00 1.8094e+00 1.8098e+00 1.8103e+00 1.8107e+00
# corrosion prob 1 history
1.5300e-01 5.5422e-01 8.9262e-01 9.9994e-01 1.0000e+00 1.0000e+00 1.0000e+00 1.0000e+00 1.0000e+00 1.0000e+00 1.0000e+00 1.0000e+00 1.0000e+00 1.0000e+00 1.0000e+00 1.0000e+00 1.0000e+00 1.0000e+00 1.0000e+00 1.0000e+00 1.0000e+00 1.0000e+00 1.0000e+00 1.0000e+00 1.0000e+00 1.0000e+00 1.0000e+00 1.0000e+00 1.0000e+00 1.0000e+00 1.0000e+00 1.0000e+00 1.0000e+00 1.0000e+00 1.0000e+00 1.0000e+00 1.0000e+00 1.0000e+00 1.0000e+00 1.0000e+00 1.0000e+00 1.0000e+00 1.0000e+00 1.0000e+00 1.0000e+00 1.0000e+00 1.0000e+00 1.0000e+00 1.0000e+00 1.0000e+00 1.0000e+00 1.0000e+00 1.0000e+00 1.0000e+00 1.0000e+00 1.0000e+00 1.0000e+00 1.0000e+00 1.0000e+00 1.0000e+00 1.0000e+00 1.0000e+00 1.0000e+00 1.0000e+00 1.0000e+00 1.0000e+00 1.0000e+00 1.0000e+00 1.0000e+00 1.0000e+00 1.0000e+00 1.0000e+00 1.0000e+00 1.0000e+00 1.0000e+00 1.0000e+00 1.0000e+00 1.0000e+00 1.0000e+00 1.0000e+00 1.0000e+00 1.0000e+00 1.0000e+00 1.0000e+00 1.0000e+00 1.0000e+00 1.0000e+00 1.0000e+00 1.0000e+00 1.0000e+00 1.0000e+00 1.0000e+00 1.0000e+00 1.0000e+00 1.0000e+00 1.0000e+00 1.0000e+00 1.0000e+00 1.0000e+00 1.0000e+00
# corrosion prob 2 history
0.0000e+00 0.0000e+00 1.3923e-94 1.3923e-94 5.3773e-21 1.3245e-03 1.3250e-03 3.8686e-03 5.5967e-03 8.4790e-03 1.5502e-02 2.0882e-02 3.2706e-02 4.2451e-02 5.6889e-02 7.2412e-02 8.6424e-02 1.1008e-01 1.3255e-01 1.5922e-01 1.7883e-01 2.0088e-01 2.2994e-01 2.5044e-01 2.7763e-01 2.9781e-01 3.2681e-01 3.5673e-01 3.8963e-01 4.0895e-01 4.2626e-01 4.4959e-01 4.7837e-01 5.0385e-01 5.2412e-01 5.4405e-01 5.6973e-01 5.8915e-01 6.1213e-01 6.2943e-01 6.4952e-01 6.6638e-01 6.7858e-01 6.9074e-01 7.0963e-01 7.2845e-01 7.3852e-01 7.5326e-01 7.6890e-01 7.8543e-01 7.9889e-01 8.1239e-01 8.2967e-01 8.3738e-01 8.4861e-01 8.5522e-01 8.6490e-01 8.7818e-01 8.8687e-01 8.9685e-01 9.0828e-01 9.1381e-01 9.1894e-01 9.2693e-01 9.2985e-01 9.3126e-01 9.3677e-01 9.4072e-01 9.4276e-01 9.4900e-01 9.5428e-01 9.5693e-01 9.5961e-01 9.6397e-01 9.6651e-01 9.7169e-01 9.7483e-01 9.7778e-01 9.7877e-01 9.8031e-01 9.8145e-01 9.8235e-01 9.8514e-01 9.8664e-01 9.8822e-01 9.8823e-01 9.8909e-01 9.8936e-01 9.8993e-01 9.8993e-01 9.8994e-01 9.8994e-01 9.8994e-01 9.9090e-01 9.9175e-01 9.9176e-01 9.9176e-01 9.9279e-01 9.9365e-01 9.9365e-01
# corrosion rate history (mean)
1.8698e-01 7.3491e-01 1.1870e+00 1.3045e+00 1.2656e+00 1.7370e+00 1.9239e+00 1.9711e+00 1.9503e+00 1.8992e+00 1.8527e+00 1.8127e+00 1.7779e+00 1.7471e+00 1.7197e+00 1.6949e+00 1.6725e+00 1.6520e+00 1.6331e+00 1.6157e+00 1.5996e+00 1.5845e+00 1.5705e+00 1.5573e+00 1.5449e+00 1.5332e+00 1.5222e+00 1.5117e+00 1.5018e+00 1.4923e+00 1.4833e+00 1.4747e+00 1.4665e+00 1.4586e+00 1.4511e+00 1.4438e+00 1.4368e+00 1.4301e+00 1.4237e+00 1.4174e+00 1.4114e+00 1.4056e+00 1.4000e+00 1.3945e+00 1.3893e+00 1.3841e+00 1.3792e+00 1.3744e+00 1.3697e+00 1.3652e+00 1.3607e+00 1.3564e+00 1.3523e+00 1.3482e+00 1.3442e+00 1.3403e+00 1.3366e+00 1.3329e+00 1.3293e+00 1.3257e+00 1.3223e+00 1.3189e+00 1.3156e+00 1.3124e+00 1.3093e+00 1.3062e+00 1.3032e+00 1.3002e+00 1.2973e+00 1.2945e+00 1.2917e+00 1.2890e+00 1.2863e+00 1.2836e+00 1.2811e+00 1.2785e+00 1.2760e+00 1.2736e+00 1.2712e+00 1.2688e+00 1.2665e+00 1.2642e+00 1.2619e+00 1.2597e+00 1.2575e+00 1.2554e+00 1.2533e+00 1.2512e+00 1.2492e+00 1.2472e+00 1.2452e+00 1.2432e+00 1.2413e+00 1.2394e+00 1.2375e+00 1.2357e+00 1.2339e+00 1.2321e+00 1.2303e+00 1.2286e+00
# corrosion rate history (std)
4.7154e-01 7.3380e-01 5.7603e-01 4.1927e-01 3.9436e-01 5.4154e-01 6.1737e-01 6.4468e-01 6.4363e-01 6.2783e-01 6.1271e-01 5.9980e-01 5.8857e-01 5.7868e-01 5.6986e-01 5.6192e-01 5.5472e-01 5.4815e-01 5.4210e-01 5.3652e-01 5.3135e-01 5.2652e-01 5.2201e-01 5.1778e-01 5.1380e-01 5.1005e-01 5.0650e-01 5.0313e-01 4.9993e-01 4.9689e-01 4.9399e-01 4.9122e-01 4.8857e-01 4.8603e-01 4.8359e-01 4.8125e-01 4.7901e-01 4.7684e-01 4.7475e-01 4.7274e-01 4.7080e-01 4.6892e-01 4.6710e-01 4.6534e-01 4.6364e-01 4.6199e-01 4.6038e-01 4.5882e-01 4.5731e-01 4.5584e-01 4.5441e-01 4.5302e-01 4.5166e-01 4.5034e-01 4.4905e-01 4.4780e-01 4.4657e-01 4.4538e-01 4.4421e-01 4.4306e-01 4.4195e-01 4.4086e-01 4.3979e-01 4.3875e-01 4.3772e-01 4.3672e-01 4.3574e-01 4.3478e-01 4.3384e-01 4.3291e-01 4.3201e-01 4.3112e-01 4.3025e-01 4.2939e-01 4.2855e-01 4.2773e-01 4.2691e-01 4.2612e-01 4.2533e-01 4.2457e-01 4.2381e-01 4.2306e-01 4.2233e-01 4.2161e-01 4.2090e-01 4.2021e-01 4.1952e-01 4.1884e-01 4.1818e-01 4.1752e-01 4.1687e-01 4.1624e-01 4.1561e-01 4.1499e-01 4.1438e-01 4.1378e-01 4.1319e-01 4.1260e-01 4.1203e-01 4.1146e-01
# residual diameter 1 history (mean)
1.2693e+01 1.2666e+01 1.2621e+01 1.2573e+01 1.2526e+01 1.2461e+01 1.2389e+01 1.2315e+01 1.2243e+01 1.2172e+01 1.2103e+01 1.2035e+01 1.1969e+01 1.1903e+01 1.1839e+01 1.1776e+01 1.1714e+01 1.1652e+01 1.1591e+01 1.1531e+01 1.1471e+01 1.1412e+01 1.1353e+01 1.1295e+01 1.1238e+01 1.1180e+01 1.1124e+01 1.1067e+01 1.1011e+01 1.0955e+01 1.0900e+01 1.0845e+01 1.0790e+01 1.0736e+01 1.0682e+01 1.0628e+01 1.0574e+01 1.0521e+01 1.0468e+01 1.0415e+01 1.0362e+01 1.0310e+01 1.0258e+01 1.0206e+01 1.0154e+01 1.0102e+01 1.0051e+01 9.9994e+00 9.9483e+00 9.8973e+00 9.8466e+00 9.7959e+00 9.7455e+00 9.6952e+00 9.6450e+00 9.5950e+00 9.5451e+00 9.4953e+00 9.4457e+00 9.3963e+00 9.3469e+00 9.2977e+00 9.2486e+00 9.1996e+00 9.1507e+00 9.1020e+00 9.0533e+00 9.0048e+00 8.9563e+00 8.9080e+00 8.8598e+00 8.8117e+00 8.7637e+00 8.7157e+00 8.6679e+00 8.6201e+00 8.5725e+00 8.5250e+00 8.4775e+00 8.4302e+00 8.3829e+00 8.3357e+00 8.2886e+00 8.2415e+00 8.1946e+00 8.1477e+00 8.1009e+00 8.0541e+00 8.0075e+00 7.9609e+00 7.9143e+00 7.8680e+00 7.8217e+00 7.7755e+00 7.7294e+00 7.6833e+00 7.6373e+00 7.5914e+00 7.5456e+00 7.4999e+00
# residual diameter 1 history (std)
1.7581e-02 3.8410e-02 5.1311e-02 5.9723e-02 7.1160e-02 8.6584e-02 1.0496e-01 1.2535e-01 1.4669e-01 1.6824e-01 1.8977e-01 2.1116e-01 2.3236e-01 2.5335e-01 2.7414e-01 2.9471e-01 3.1509e-01 3.3528e-01 3.5529e-01 3.7512e-01 3.9479e-01 4.1430e-01 4.3366e-01 4.5288e-01 4.7197e-01 4.9094e-01 5.0978e-01 5.2851e-01 5.4712e-01 5.6563e-01 5.8404e-01 6.0235e-01 6.2057e-01 6.3870e-01 6.5675e-01 6.7471e-01 6.9259e-01 7.1040e-01 7.2813e-01 7.4579e-01 7.6338e-01 7.8091e-01 7.9837e-01 8.1577e-01 8.3310e-01 8.5038e-01 8.6760e-01 8.8477e-01 9.0188e-01 9.1894e-01 9.3595e-01 9.5291e-01 9.6982e-01 9.8669e-01 1.0035e+00 1.0203e+00 1.0370e+00 1.0537e+00 1.0704e+00 1.0870e+00 1.1035e+00 1.1201e+00 1.1366e+00 1.1530e+00 1.1694e+00 1.1858e+00 1.2022e+00 1.2185e+00 1.2348e+00 1.2511e+00 1.2673e+00 1.2835e+00 1.2997e+00 1.3159e+00 1.3320e+00 1.3482e+00 1.3641e+00 1.3801e+00 1.3960e+00 1.4119e+00 1.4277e+00 1.4436e+00 1.4594e+00 1.4752e+00 1.4910e+00 1.5068e+00 1.5226e+00 1.5384e+00 1.5542e+00 1.5700e+00 1.5859e+00 1.6011e+00 1.6162e+00 1.6314e+00 1.6465e+00 1.6616e+00 1.6769e+00 1.6919e+00 1.7065e+00 1.7211e+00
# residual diameter 2 history (mean)
1.2700e+01 1.2700e+01 1.2700e+01 1.2700e+01 1.2700e+01 1.2700e+01 1.2700e+01 1.2700e+01 1.2700e+01 1.2699e+01 1.2699e+01 1.2698e+01 1.2697e+01 1.2696e+01 1.2694e+01 1.2692e+01 1.2690e+01 1.2687e+01 1.2683e+01 1.2679e+01 1.2674e+01 1.2669e+01 1.2663e+01 1.2656e+01 1.2649e+01 1.2641e+01 1.2633e+01 1.2624e+01 1.2613e+01 1.2603e+01 1.2592e+01 1.2581e+01 1.2569e+01 1.2556e+01 1.2543e+01 1.2529e+01 1.2514e+01 1.2500e+01 1.2484e+01 1.2469e+01 1.2453e+01 1.2436e+01 1.2420e+01 1.2403e+01 1.2385e+01 1.2367e+01 1.2349e+01 1.2330e+01 1.2311e+01 1.2292e+01 1.2272e+01 1.2252e+01 1.2232e+01 1.2211e+01 1.2191e+01 1.2170e+01 1.2149e+01 1.2127e+01 1.2106e+01 1.2084e+01 1.2061e+01 1.2039e+01 1.2017e+01 1.1994e+01 1.1972e+01 1.1949e+01 1.1926e+01 1.1904e+01 1.1881e+01 1.1858e+01 1.1835e+01 1.1812e+01 1.1788e+01 1.1765e+01 1.1741e+01 1.1718e+01 1.1694e+01 1.1670e+01 1.1647e+01 1.1623e+01 1.1599e+01 1.1575e+01 1.1552e+01 1.1528e+01 1.1504e+01 1.1480e+01 1.1456e+01 1.1432e+01 1.1408e+01 1.1384e+01 1.1360e+01 1.1336e+01 1.1312e+01 1.1288e+01 1.1263e+01 1.1239e+01 1.1215e+01 1.1191e+01 1.1167e+01 1.1142e+01
# residual diameter 2 history (std)
2.2374e-07 2.2374e-07 2.2374e-07 2.2374e-07 2.2374e-07 1.1976e-03 2.3025e-03 3.7823e-03 5.7317e-03 8.0331e-03 1.0959e-02 1.4491e-02 1.8618e-02 2.3307e-02 2.8519e-02 3.4296e-02 4.0614e-02 4.7410e-02 5.4715e-02 6.2493e-02 7.0731e-02 7.9297e-02 8.8143e-02 9.7377e-02 1.0682e-01 1.1648e-01 1.2619e-01 1.3601e-01 1.4586e-01 1.5604e-01 1.6636e-01 1.7664e-01 1.8679e-01 1.9696e-01 2.0717e-01 2.1735e-01 2.2727e-01 2.3727e-01 2.4715e-01 2.5704e-01 2.6677e-01 2.7635e-01 2.8600e-01 2.9561e-01 3.0485e-01 3.1382e-01 3.2297e-01 3.3193e-01 3.4070e-01 3.4920e-01 3.5762e-01 3.6583e-01 3.7379e-01 3.8184e-01 3.8964e-01 3.9759e-01 4.0526e-01 4.1240e-01 4.1955e-01 4.2640e-01 4.3306e-01 4.3986e-01 4.4671e-01 4.5326e-01 4.5997e-01 4.6696e-01 4.7384e-01 4.8069e-01 4.8767e-01 4.9429e-01 5.0076e-01 5.0735e-01 5.1393e-01 5.2033e-01 5.2678e-01 5.3308e-01 5.3935e-01 5.4561e-01 5.5203e-01 5.5845e-01 5.6495e-01 5.7152e-01 5.7798e-01 5.8451e-01 5.9101e-01 5.9767e-01 6.0437e-01 6.1114e-01 6.1797e-01 6.2488e-01 6.3187e-01 6.3892e-01 6.4603e-01 6.5311e-01 6.6019e-01 6.6734e-01 6.7454e-01 6.8172e-01 6.8892e-01 6.9618e-01
# radial pressure history (mean)
1.0000e+00 1.0576e+00 7.4002e+00 4.3663e+01 8.4253e+01 1.4040e+02 2.0261e+02 2.6609e+02 3.2852e+02 3.8890e+02 4.4740e+02 5.0425e+02 5.5966e+02 6.1377e+02 6.6670e+02 7.1856e+02 7.6942e+02 8.1937e+02 8.6846e+02 9.1675e+02 9.6428e+02 1.0111e+03 1.0572e+03 1.1027e+03 1.1476e+03 1.1919e+03 1.2356e+03 1.2788e+03 1.3215e+03 1.3637e+03 1.4053e+03 1.4465e+03 1.4873e+03 1.5276e+03 1.5675e+03 1.6069e+03 1.6460e+03 1.6846e+03 1.7229e+03 1.7608e+03 1.7983e+03 1.8355e+03 1.8723e+03 1.9088e+03 1.9449e+03 1.9807e+03 2.0161e+03 2.0513e+03 2.0861e+03 2.1206e+03 2.1548e+03 2.1887e+03 2.2223e+03 2.2556e+03 2.2887e+03 2.3214e+03 2.3539e+03 2.3861e+03 2.4180e+03 2.4497e+03 2.4811e+03 2.5122e+03 2.5431e+03 2.5737e+03 2.6040e+03 2.6341e+03 2.6640e+03 2.6936e+03 2.7230e+03 2.7521e+03 2.7811e+03 2.8097e+03 2.8382e+03 2.8664e+03 2.8943e+03 2.9221e+03 2.9496e+03 2.9769e+03 3.0040e+03 3.0309e+03 3.0575e+03 3.0839e+03 3.1102e+03 3.1362e+03 3.1620e+03 3.1876e+03 3.2129e+03 3.2381e+03 3.2631e+03 3.2879e+03 3.3124e+03 3.3368e+03 3.3610e+03 3.3849e+03 3.4087e+03 3.4323e+03 3.4557e+03 3.4789e+03 3.5019e+03 3.5247e+03
# radial pressure history (std)
2.1670e-05 7.0021e-01 7.6680e+00 1.8498e+01 3.3111e+01 5.7352e+01 8.6149e+01 1.1637e+02 1.4638e+02 1.7540e+02 2.0344e+02 2.3060e+02 2.5698e+02 2.8266e+02 3.0770e+02 3.3216e+02 3.5607e+02 3.7948e+02 4.0241e+02 4.2491e+02 4.4699e+02 4.6868e+02 4.8999e+02 5.1095e+02 5.3156e+02 5.5185e+02 5.7182e+02 5.9149e+02 6.1087e+02 6.2997e+02 6.4880e+02 6.6736e+02 6.8567e+02 7.0373e+02 7.2155e+02 7.3913e+02 7.5648e+02 7.7361e+02 7.9052e+02 8.0722e+02 8.2371e+02 8.3999e+02 8.5608e+02 8.7197e+02 8.8766e+02 9.0317e+02 9.1849e+02 9.3364e+02 9.4860e+02 9.6339e+02 9.7801e+02 9.9245e+02 1.0067e+03 1.0209e+03 1.0348e+03 1.0486e+03 1.0622e+03 1.0757e+03 1.0891e+03 1.1022e+03 1.1153e+03 1.1282e+03 1.1409e+03 1.1535e+03 1.1660e+03 1.1783e+03 1.1905e+03 1.2025e+03 1.2145e+03 1.2263e+03 1.2379e+03 1.2494e+03 1.2608e+03 1.2721e+03 1.2833e+03 1.2943e+03 1.3052e+03 1.3160e+03 1.3267e+03 1.3372e+03 1.3477e+03 1.3580e+03 1.3682e+03 1.3783e+03 1.3883e+03 1.3982e+03 1.4080e+03 1.4176e+03 1.4272e+03 1.4367e+03 1.4460e+03 1.4553e+03 1.4644e+03 1.4735e+03 1.4824e+03 1.4913e+03 1.5000e+03 1.5087e+03 1.5173e+03 1.5257e+03
# crack prob history
4.8376e-130 9.4707e-26 1.1227e-04 9.9972e-01 1.0000e+00 1.0000e+00 1.0000e+00 1.0000e+00 1.0000e+00 1.0000e+00 1.0000e+00 1.0000e+00 1.0000e+00 1.0000e+00 1.0000e+00 1.0000e+00 1.0000e+00 1.0000e+00 1.0000e+00 1.0000e+00 1.0000e+00 1.0000e+00 1.0000e+00 1.0000e+00 1.0000e+00 1.0000e+00 1.0000e+00 1.0000e+00 1.0000e+00 1.0000e+00 1.0000e+00 1.0000e+00 1.0000e+00 1.0000e+00 1.0000e+00 1.0000e+00 1.0000e+00 1.0000e+00 1.0000e+00 1.0000e+00 1.0000e+00 1.0000e+00 1.0000e+00 1.0000e+00 1.0000e+00 1.0000e+00 1.0000e+00 1.0000e+00 1.0000e+00 1.0000e+00 1.0000e+00 1.0000e+00 1.0000e+00 1.0000e+00 1.0000e+00 1.0000e+00 1.0000e+00 1.0000e+00 1.0000e+00 1.0000e+00 1.0000e+00 1.0000e+00 1.0000e+00 1.0000e+00 1.0000e+00 1.0000e+00 1.0000e+00 1.0000e+00 1.0000e+00 1.0000e+00 1.0000e+00 1.0000e+00 1.0000e+00 1.0000e+00 1.0000e+00 1.0000e+00 1.0000e+00 1.0000e+00 1.0000e+00 1.0000e+00 1.0000e+00 1.0000e+00 1.0000e+00 1.0000e+00 1.0000e+00 1.0000e+00 1.0000e+00 1.0000e+00 1.0000e+00 1.0000e+00 1.0000e+00 1.0000e+00 1.0000e+00 1.0000e+00 1.0000e+00 1.0000e+00 1.0000e+00 1.0000e+00 1.0000e+00 1.0000e+00
# ds at crack history (mean)
6.1255e-129 1.2001e-24 1.4186e-03 1.2569e+01 1.2573e+01 1.2573e+01 1.2573e+01 1.2573e+01 1.2573e+01 1.2573e+01 1.2573e+01 1.2573e+01 1.2573e+01 1.2573e+01 1.2573e+01 1.2573e+01 1.2573e+01 1.2573e+01 1.2573e+01 1.2573e+01 1.2573e+01 1.2573e+01 1.2573e+01 1.2573e+01 1.2573e+01 1.2573e+01 1.2573e+01 1.2573e+01 1.2573e+01 1.2573e+01 1.2573e+01 1.2573e+01 1.2573e+01 1.2573e+01 1.2573e+01 1.2573e+01 1.2573e+01 1.2573e+01 1.2573e+01 1.2573e+01 1.2573e+01 1.2573e+01 1.2573e+01 1.2573e+01 1.2573e+01 1.2573e+01 1.2573e+01 1.2573e+01 1.2573e+01 1.2573e+01 1.2573e+01 1.2573e+01 1.2573e+01 1.2573e+01 1.2573e+01 1.2573e+01 1.2573e+01 1.2573e+01 1.2573e+01 1.2573e+01 1.2573e+01 1.2573e+01 1.2573e+01 1.2573e+01 1.2573e+01 1.2573e+01 1.2573e+01 1.2573e+01 1.2573e+01 1.2573e+01 1.2573e+01 1.2573e+01 1.2573e+01 1.2573e+01 1.2573e+01 1.2573e+01 1.2573e+01 1.2573e+01 1.2573e+01 1.2573e+01 1.2573e+01 1.2573e+01 1.2573e+01 1.2573e+01 1.2573e+01 1.2573e+01 1.2573e+01 1.2573e+01 1.2573e+01 1.2573e+01 1.2573e+01 1.2573e+01 1.2573e+01 1.2573e+01 1.2573e+01 1.2573e+01 1.2573e+01 1.2573e+01 1.2573e+01 1.2573e+01
# ds at crack history (std)
2.7861e-64 3.9011e-12 1.3393e-01 2.1969e-01 5.9724e-02 5.9723e-02 5.9723e-02 5.9723e-02 5.9723e-02 5.9723e-02 5.9723e-02 5.9723e-02 5.9723e-02 5.9723e-02 5.9723e-02 5.9723e-02 5.9723e-02 5.9723e-02 5.9723e-02 5.9723e-02 5.9723e-02 5.9723e-02 5.9723e-02 5.9723e-02 5.9723e-02 5.9723e-02 5.9723e-02 5.9723e-02 5.9723e-02 5.9723e-02 5.9723e-02 5.9723e-02 5.9723e-02 5.9723e-02 5.9723e-02 5.9723e-02 5.9723e-02 5.9723e-02 5.9723e-02 5.9723e-02 5.9723e-02 5.9723e-02 5.9723e-02 5.9723e-02 5.9723e-02 5.9723e-02 5.9723e-02 5.9723e-02 5.9723e-02 5.9723e-02 5.9723e-02 5.9723e-02 5.9723e-02 5.9723e-02 5.9723e-02 5.9723e-02 5.9723e-02 5.9723e-02 5.9723e-02 5.9723e-02 5.9723e-02 5.9723e-02 5.9723e-02 5.9723e-02 5.9723e-02 5.9723e-02 5.9723e-02 5.9723e-02 5.9723e-02 5.9723e-02 5.9723e-02 5.9723e-02 5.9723e-02 5.9723e-02 5.9723e-02 5.9723e-02 5.9723e-02 5.9723e-02 5.9723e-02 5.9723e-02 5.9723e-02 5.9723e-02 5.9723e-02 5.9723e-02 5.9723e-02 5.9723e-02 5.9723e-02 5.9723e-02 5.9723e-02 5.9723e-02 5.9723e-02 5.9723e-02 5.9723e-02 5.9723e-02 5.9723e-02 5.9723e-02 5.9723e-02 5.9723e-02 5.9723e-02 5.9723e-02
# crack width history (mean)
0.0000e+00 4.2228e-131 7.5960e-27 1.2516e-05 1.7760e-01 4.1888e-01 6.8368e-01 9.5293e-01 1.2175e+00 1.4737e+00 1.7220e+00 1.9637e+00 2.1993e+00 2.4296e+00 2.6549e+00 2.8759e+00 3.0927e+00 3.3057e+00 3.5152e+00 3.7213e+00 3.9243e+00 4.1243e+00 4.3216e+00 4.5161e+00 4.7081e+00 4.8977e+00 5.0850e+00 5.2699e+00 5.4528e+00 5.6335e+00 5.8123e+00 5.9891e+00 6.1640e+00 6.3371e+00 6.5084e+00 6.6780e+00 6.8459e+00 7.0122e+00 7.1768e+00 7.3400e+00 7.5015e+00 7.6617e+00 7.8203e+00 7.9775e+00 8.1333e+00 8.2878e+00 8.4409e+00 8.5927e+00 8.7432e+00 8.8924e+00 9.0403e+00 9.1871e+00 9.3326e+00 9.4769e+00 9.6200e+00 9.7620e+00 9.9029e+00 1.0043e+01 1.0181e+01 1.0319e+01 1.0455e+01 1.0590e+01 1.0725e+01 1.0858e+01 1.0990e+01 1.1121e+01 1.1252e+01 1.1381e+01 1.1509e+01 1.1636e+01 1.1762e+01 1.1888e+01 1.2012e+01 1.2135e+01 1.2258e+01 1.2379e+01 1.2500e+01 1.2620e+01 1.2739e+01 1.2857e+01 1.2974e+01 1.3090e+01 1.3205e+01 1.3320e+01 1.3433e+01 1.3546e+01 1.3658e+01 1.3769e+01 1.3879e+01 1.3989e+01 1.4097e+01 1.4205e+01 1.4312e+01 1.4418e+01 1.4524e+01 1.4628e+01 1.4732e+01 1.4835e+01 1.4937e+01 1.5039e+01
# crack width history (std)
0.0000e+00 1.9220e-66 2.4692e-14 1.1867e-03 2.4853e-02 4.0110e-02 4.5969e-02 4.7391e-02 4.6673e-02 4.6288e-02 4.6790e-02 4.8093e-02 5.0102e-02 5.2721e-02 5.5863e-02 5.9448e-02 6.3408e-02 6.7690e-02 7.2252e-02 7.7060e-02 8.2092e-02 8.7328e-02 9.2755e-02 9.8366e-02 1.0415e-01 1.1012e-01 1.1625e-01 1.2255e-01 1.2903e-01 1.3568e-01 1.4250e-01 1.4950e-01 1.5668e-01 1.6404e-01 1.7158e-01 1.7931e-01 1.8723e-01 1.9533e-01 2.0363e-01 2.1212e-01 2.2081e-01 2.2970e-01 2.3879e-01 2.4808e-01 2.5757e-01 2.6726e-01 2.7716e-01 2.8727e-01 2.9758e-01 3.0810e-01 3.1883e-01 3.2977e-01 3.4091e-01 3.5227e-01 3.6384e-01 3.7561e-01 3.8760e-01 3.9980e-01 4.1221e-01 4.2483e-01 4.3767e-01 4.5071e-01 4.6397e-01 4.7743e-01 4.9111e-01 5.0500e-01 5.1909e-01 5.3340e-01 5.4792e-01 5.6265e-01 5.7759e-01 5.9274e-01 6.0809e-01 6.2366e-01 6.3944e-01 6.5542e-01 6.7161e-01 6.8801e-01 7.0461e-01 7.2142e-01 7.3843e-01 7.5565e-01 7.7307e-01 7.9070e-01 8.0853e-01 8.2656e-01 8.4480e-01 8.6324e-01 8.8188e-01 9.0072e-01 9.1977e-01 9.3903e-01 9.5847e-01 9.7811e-01 9.9794e-01 1.0180e+00 1.0382e+00 1.0586e+00 1.0792e+00 1.1000e+00
# cracked concrete diffusion history (fw, mean)
1.0000e+00 1.0000e+00 1.0000e+00 1.0001e+00 3.0107e+00 7.4370e+00 1.4354e+01 1.9418e+01 1.9995e+01 2.0000e+01 2.0000e+01 2.0000e+01 2.0000e+01 2.0000e+01 2.0000e+01 2.0000e+01 2.0000e+01 2.0000e+01 2.0000e+01 2.0000e+01 2.0000e+01 2.0000e+01 2.0000e+01 2.0000e+01 2.0000e+01 2.0000e+01 2.0000e+01 2.0000e+01 2.0000e+01 2.0000e+01 2.0000e+01 2.0000e+01 2.0000e+01 2.0000e+01 2.0000e+01 2.0000e+01 2.0000e+01 2.0000e+01 2.0000e+01 2.0000e+01 2.0000e+01 2.0000e+01 2.0000e+01 2.0000e+01 2.0000e+01 2.0000e+01 2.0000e+01 2.0000e+01 2.0000e+01 2.0000e+01 2.0000e+01 2.0000e+01 2.0000e+01 2.0000e+01 2.0000e+01 2.0000e+01 2.0000e+01 2.0000e+01 2.0000e+01 2.0000e+01 2.0000e+01 2.0000e+01 2.0000e+01 2.0000e+01 2.0000e+01 2.0000e+01 2.0000e+01 2.0000e+01 2.0000e+01 2.0000e+01 2.0000e+01 2.0000e+01 2.0000e+01 2.0000e+01 2.0000e+01 2.0000e+01 2.0000e+01 2.0000e+01 2.0000e+01 2.0000e+01 2.0000e+01 2.0000e+01 2.0000e+01 2.0000e+01 2.0000e+01 2.0000e+01 2.0000e+01 2.0000e+01 2.0000e+01 2.0000e+01 2.0000e+01 2.0000e+01 2.0000e+01 2.0000e+01 2.0000e+01 2.0000e+01 2.0000e+01 2.0000e+01 2.0000e+01 2.0000e+01
# cracked concrete diffusion history (fw, std)
1.3984e-08 1.3984e-08 1.3984e-08 1.1801e-02 5.3477e-01 1.6764e+00 3.0113e+00 1.3551e+00 1.0777e-01 5.9196e-07 4.4748e-07 4.4748e-07 4.4748e-07 4.4748e-07 4.4748e-07 4.4748e-07 4.4748e-07 4.4748e-07 4.4748e-07 4.4748e-07 4.4748e-07 4.4748e-07 4.4748e-07 4.4748e-07 4.4748e-07 4.4748e-07 4.4748e-07 4.4748e-07 4.4748e-07 4.4748e-07 4.4748e-07 4.4748e-07 4.4748e-07 4.4748e-07 4.4748e-07 4.4748e-07 4.4748e-07 4.4748e-07 4.4748e-07 4.4748e-07 4.4748e-07 4.4748e-07 4.4748e-07 4.4748e-07 4.4748e-07 4.4748e-07 4.4748e-07 4.4748e-07 4.4748e-07 4.4748e-07 4.4748e-07 4.4748e-07 4.4748e-07 4.4748e-07 4.4748e-07 4.4748e-07 4.4748e-07 4.4748e-07 4.4748e-07 4.4748e-07 4.4748e-07 4.4748e-07 4.4748e-07 4.4748e-07 4.4748e-07 4.4748e-07 4.4748e-07 4.4748e-07 4.4748e-07 4.4748e-07 4.4748e-07 4.4748e-07 4.4748e-07 4.4748e-07 4.4748e-07 4.4748e-07 4.4748e-07 4.4748e-07 4.4748e-07 4.4748e-07 4.4748e-07 4.4748e-07 4.4748e-07 4.4748e-07 4.4748e-07 4.4748e-07 4.4748e-07 4.4748e-07 4.4748e-07 4.4748e-07 4.4748e-07 4.4748e-07 4.4748e-07 4.4748e-07 4.4748e-07 4.4748e-07 4.4748e-07 4.4748e-07 4.4748e-07 4.4748e-07
# flexural resistance history (mean, kNm)
5.3208e+01 5.2979e+01 5.2610e+01 5.2205e+01 5.1813e+01 5.1278e+01 5.0690e+01 5.0090e+01 4.9501e+01 4.8931e+01 4.8379e+01 4.7842e+01 4.7318e+01 4.6807e+01 4.6307e+01 4.5817e+01 4.5336e+01 4.4864e+01 4.4401e+01 4.3944e+01 4.3495e+01 4.3053e+01 4.2618e+01 4.2188e+01 4.1765e+01 4.1347e+01 4.0934e+01 4.0526e+01 4.0124e+01 3.9726e+01 3.9333e+01 3.8945e+01 3.8561e+01 3.8181e+01 3.7805e+01 3.7434e+01 3.7066e+01 3.6702e+01 3.6342e+01 3.5985e+01 3.5632e+01 3.5282e+01 3.4936e+01 3.4593e+01 3.4254e+01 3.3918e+01 3.3584e+01 3.3254e+01 3.2927e+01 3.2603e+01 3.2282e+01 3.1964e+01 3.1649e+01 3.1336e+01 3.1026e+01 3.0719e+01 3.0415e+01 3.0113e+01 2.9814e+01 2.9518e+01 2.9224e+01 2.8933e+01 2.8644e+01 2.8358e+01 2.8074e+01 2.7792e+01 2.7513e+01 2.7236e+01 2.6962e+01 2.6690e+01 2.6420e+01 2.6153e+01 2.5887e+01 2.5624e+01 2.5364e+01 2.5105e+01 2.4849e+01 2.4594e+01 2.4342e+01 2.4092e+01 2.3844e+01 2.3599e+01 2.3355e+01 2.3113e+01 2.2873e+01 2.2636e+01 2.2400e+01 2.2167e+01 2.1935e+01 2.1705e+01 2.1478e+01 2.1252e+01 2.1028e+01 2.0806e+01 2.0586e+01 2.0368e+01 2.0152e+01 1.9937e+01 1.9725e+01 1.9514e+01
# flexural resistance history (std, kNm)
7.4174e+00 7.3912e+00 7.3384e+00 7.2776e+00 7.2227e+00 7.1516e+00 7.0782e+00 7.0093e+00 6.9472e+00 6.8926e+00 6.8448e+00 6.8031e+00 6.7671e+00 6.7363e+00 6.7102e+00 6.6885e+00 6.6709e+00 6.6571e+00 6.6468e+00 6.6399e+00 6.6360e+00 6.6350e+00 6.6366e+00 6.6408e+00 6.6472e+00 6.6559e+00 6.6665e+00 6.6790e+00 6.6932e+00 6.7089e+00 6.7262e+00 6.7447e+00 6.7645e+00 6.7855e+00 6.8074e+00 6.8302e+00 6.8539e+00 6.8784e+00 6.9034e+00 6.9291e+00 6.9553e+00 6.9819e+00 7.0089e+00 7.0361e+00 7.0637e+00 7.0914e+00 7.1192e+00 7.1471e+00 7.1751e+00 7.2030e+00 7.2309e+00 7.2587e+00 7.2864e+00 7.3138e+00 7.3411e+00 7.3681e+00 7.3949e+00 7.4213e+00 7.4474e+00 7.4732e+00 7.4985e+00 7.5235e+00 7.5480e+00 7.5721e+00 7.5957e+00 7.6188e+00 7.6414e+00 7.6635e+00 7.6850e+00 7.7060e+00 7.7264e+00 7.7462e+00 7.7655e+00 7.7841e+00 7.8021e+00 7.8195e+00 7.8363e+00 7.8524e+00 7.8679e+00 7.8827e+00 7.8968e+00 7.9103e+00 7.9231e+00 7.9353e+00 7.9467e+00 7.9575e+00 7.9675e+00 7.9769e+00 7.9856e+00 7.9935e+00 8.0008e+00 8.0073e+00 8.0131e+00 8.0183e+00 8.0228e+00 8.0266e+00 8.0297e+00 8.0321e+00 8.0338e+00 8.0349e+00
# shear resistance history (mean, kN)
8.3888e+02 8.3635e+02 8.3224e+02 8.2773e+02 8.2337e+02 8.1742e+02 8.1085e+02 8.0418e+02 7.9761e+02 7.9126e+02 7.8510e+02 7.7912e+02 7.7329e+02 7.6759e+02 7.6202e+02 7.5656e+02 7.5120e+02 7.4595e+02 7.4078e+02 7.3570e+02 7.3070e+02 7.2577e+02 7.2092e+02 7.1614e+02 7.1142e+02 7.0676e+02 7.0216e+02 6.9763e+02 6.9314e+02 6.8871e+02 6.8434e+02 6.8001e+02 6.7573e+02 6.7150e+02 6.6732e+02 6.6318e+02 6.5908e+02 6.5503e+02 6.5101e+02 6.4704e+02 6.4311e+02 6.3922e+02 6.3536e+02 6.3154e+02 6.2776e+02 6.2401e+02 6.2030e+02 6.1663e+02 6.1299e+02 6.0938e+02 6.0580e+02 6.0226e+02 5.9875e+02 5.9526e+02 5.9182e+02 5.8840e+02 5.8501e+02 5.8165e+02 5.7832e+02 5.7502e+02 5.7174e+02 5.6850e+02 5.6528e+02 5.6209e+02 5.5893e+02 5.5580e+02 5.5269e+02 5.4961e+02 5.4655e+02 5.4352e+02 5.4052e+02 5.3754e+02 5.3458e+02 5.3165e+02 5.2875e+02 5.2587e+02 5.2301e+02 5.2018e+02 5.1737e+02 5.1459e+02 5.1183e+02 5.0909e+02 5.0637e+02 5.0368e+02 5.0101e+02 4.9837e+02 4.9574e+02 4.9314e+02 4.9056e+02 4.8800e+02 4.8547e+02 4.8295e+02 4.8046e+02 4.7799e+02 4.7554e+02 4.7311e+02 4.7070e+02 4.6831e+02 4.6594e+02 4.6360e+02
# shear resistance history (std, kN)
1.2947e+02 1.2917e+02 1.2856e+02 1.2774e+02 1.2698e+02 1.2596e+02 1.2485e+02 1.2376e+02 1.2274e+02 1.2178e+02 1.2089e+02 1.2006e+02 1.1929e+02 1.1856e+02 1.1788e+02 1.1724e+02 1.1664e+02 1.1607e+02 1.1554e+02 1.1504e+02 1.1457e+02 1.1413e+02 1.1372e+02 1.1333e+02 1.1296e+02 1.1262e+02 1.1230e+02 1.1200e+02 1.1172e+02 1.1146e+02 1.1121e+02 1.1098e+02 1.1077e+02 1.1057e+02 1.1038e+02 1.1021e+02 1.1005e+02 1.0990e+02 1.0977e+02 1.0964e+02 1.0952e+02 1.0941e+02 1.0932e+02 1.0922e+02 1.0914e+02 1.0906e+02 1.0899e+02 1.0893e+02 1.0887e+02 1.0881e+02 1.0876e+02 1.0872e+02 1.0868e+02 1.0864e+02 1.0860e+02 1.0857e+02 1.0854e+02 1.0851e+02 1.0848e+02 1.0846e+02 1.0843e+02 1.0841e+02 1.0838e+02 1.0836e+02 1.0834e+02 1.0831e+02 1.0829e+02 1.0826e+02 1.0823e+02 1.0821e+02 1.0818e+02 1.0814e+02 1.0811e+02 1.0808e+02 1.0804e+02 1.0800e+02 1.0795e+02 1.0791e+02 1.0786e+02 1.0781e+02 1.0775e+02 1.0769e+02 1.0763e+02 1.0757e+02 1.0750e+02 1.0743e+02 1.0735e+02 1.0727e+02 1.0719e+02 1.0710e+02 1.0700e+02 1.0691e+02 1.0681e+02 1.0670e+02 1.0659e+02 1.0648e+02 1.0636e+02 1.0624e+02 1.0611e+02 1.0598e+02
